row	baseMean	log2FoldChange	lfcSE	stat	pvalue	padj
gene-AUO97_RS00070	6.7304011488287445	2.820677993079526	0.7923190628391646	3.56002792987464	3.708153526607271e-4	0.003697789122340356
gene-AUO97_RS00120	9.424820842584587	1.9152217271870688	0.6137080829130364	3.120737335079974	0.0018039886410969388	0.012604181390141784
gene-AUO97_RS00280	135.85899015239556	-2.6646285277247355	0.5134034561838622	-5.190125807743818	2.1015204217800284e-7	7.029147994099657e-6
gene-AUO97_RS00285	3.1820555021776165	3.6129679154168794	1.3979106426479142	2.584548543512922	0.009750657742538426	0.045375886972885346
gene-AUO97_RS00355	288.27981551675083	-3.0590466432874623	0.40539632147868804	-7.5458174660528545	4.4945920527054e-14	9.020084425773148e-12
gene-AUO97_RS00440	21.440253559931953	1.648915011555652	0.4306054265036169	3.8292945468530966	1.2851112008765064e-4	0.0015630651765206295
gene-AUO97_RS00445	39.792864192206885	2.1183208690094584	0.3574072155955203	5.926911311736845	3.0868557957307882e-9	2.0649779083524085e-7
gene-AUO97_RS00450	27.043739194480377	2.158686524345568	0.4263483481982128	5.0631989861538695	4.1227912989909525e-7	1.2729118135634565e-5
gene-AUO97_RS00485	15.145045699917564	-1.9787705181616144	0.4359129724019401	-4.5393705703648095	5.6422401058853765e-6	1.30339805611496e-4
gene-AUO97_RS00500	25.314327149021366	-1.9265021920574679	0.42559874256703356	-4.526569276115838	5.99489529936809e-6	1.3652204827142508e-4
gene-AUO97_RS00525	5.420394021014441	-3.4006953863805527	1.115830203974536	-3.047681783722498	0.0023061399447359917	0.015236657124582859
gene-AUO97_RS00545	14.580394344294763	-1.521923143290062	0.5214116284977384	-2.91885155625497	0.0035132347897590486	0.020933547129005865
gene-AUO97_RS00560	8.609216105127471	-1.8393458928512485	0.6780854378256062	-2.7125577253943356	0.0066766151422595985	0.03424564042840606
gene-AUO97_RS00615	21.124834813443936	1.9455569142570626	0.44554861913015514	4.366654570842066	1.26164014572726e-5	2.5478783068743596e-4
gene-AUO97_RS00620	46.241446324755906	1.7125430447641554	0.36985474508698607	4.630312487572338	3.6511429687599864e-6	8.814902310291967e-5
gene-AUO97_RS00655	12.157821587499464	-2.3371479757190214	0.6170697569545396	-3.7874939573342314	1.5217438469100825e-4	0.0017768434517921
gene-AUO97_RS00685	6.992999561058718	-1.7221924491966862	0.623613294495438	-2.7616352383733296	0.005751269232859002	0.030524504969769013
gene-AUO97_RS00725	142.75718061776635	1.6493982255334285	0.2868665210018897	5.749706238890677	8.939864151096924e-9	5.416208262107966e-7
gene-AUO97_RS00730	5.7155533841366895	2.2263487786850833	0.747853674789815	2.9769844740159908	0.0029109875139597613	0.01829193915327748
gene-AUO97_RS00760	3.580318904279219	-3.1321226836891096	1.1976622915312	-2.6151968763120363	0.008917603691002371	0.04280183176653007
gene-AUO97_RS00780	2.4017902997786726	-4.469371599088118	1.235951093129209	-3.6161395252076374	2.990292414053232e-4	0.0031174769290665356
gene-AUO97_RS00795	8.869892000883189	-1.5754474783931476	0.6118541648790958	-2.574874159276926	0.010027656284520707	0.046395971656478366
gene-AUO97_RS00835	14.556562822846411	1.5988442236259026	0.5186806245529187	3.082521590244556	0.0020525484054532417	0.013904499852131559
gene-AUO97_RS00890	10.837802872845367	-4.513574185145111	1.0736649595091114	-4.203894469284678	2.623612958499788e-5	4.603508857782962e-4
gene-AUO97_RS00895	39.48235222661314	-4.189127422470598	0.41478172459684753	-10.099594977436084	5.547081132584499e-24	8.905838758364414e-21
gene-AUO97_RS00900	6.833950858056996	-2.073481192154045	0.7614750089115274	-2.7229799637389727	0.006469598143532472	0.03334491113785356
gene-AUO97_RS01040	5.539306970712174	-2.872500916349058	0.8480048272717322	-3.387363873376398	7.056772659577615e-4	0.006157417665734707
gene-AUO97_RS01055	7.405912134479115	-1.653139587556903	0.6178616629602992	-2.6755820706473026	0.007459960588033867	0.03725339572033708
gene-AUO97_RS01065	10.657277928071945	2.5845083304745247	0.5483095700651884	4.713593326790289	2.433861742553087e-6	6.153645712864538e-5
gene-AUO97_RS01125	12.046949897788458	-1.5285892067816569	0.5280973703160908	-2.894521527094	0.0037973687067348327	0.022250640360083118
gene-AUO97_RS01130	19.343636570877827	-2.4922112525693483	0.48687097806865565	-5.118833047834515	3.0743195394755584e-7	9.68723614980016e-6
gene-AUO97_RS01150	9.102336167891455	1.745790873526112	0.6241613295739016	2.797018640545894	0.005157655750900839	0.028117542642007796
gene-AUO97_RS01165	177.5620591593182	-2.3328012545495143	0.3476510312120945	-6.710180741924282	1.9438349204945183e-11	2.6006891373782907e-9
gene-AUO97_RS01170	10.982314819334587	-2.333402742614677	0.5755796533604223	-4.054004913119337	5.03481580683016e-5	7.7353079214027e-4
gene-AUO97_RS01175	11.025968902113133	-1.6654902309196156	0.5856181334081685	-2.843986782353937	0.0044552896085696715	0.024978181526558223
gene-AUO97_RS01180	7.960523458173172	-1.7541245649203983	0.6510047794214704	-2.6944879981975545	0.00704968654583517	0.035760732225397676
gene-AUO97_RS01265	8.784553043236023	-1.9274726484905274	0.6259460491606144	-3.0792951742011048	0.0020749099185756455	0.014026391049571364
gene-AUO97_RS01280	6.115170577717881	2.967595722447869	0.7277929347502248	4.077527522943506	4.551714326575221e-5	7.164487599329919e-4
gene-AUO97_RS01360	35.45024932935868	-2.7830824719134806	0.3890617882786002	-7.1533174312162595	8.470541791488726e-13	1.359945484623515e-10
gene-AUO97_RS01435	154.16809449414828	-2.2868725250490374	0.2993948494350507	-7.63831618801826	2.2008086001570884e-14	5.888997012587008e-12
gene-AUO97_RS01440	18.739023607157677	-1.8520096422439722	0.38483146751429537	-4.812521320583472	1.490379670790754e-6	4.055600951617891e-5
gene-AUO97_RS01455	21.308621560408394	1.974358338661226	0.494404540410024	3.9934065674717174	6.513074989334129e-5	9.336376692299951e-4
gene-AUO97_RS01465	7.31066697598486	-4.004343053759298	0.9001051867672819	-4.448750115684649	8.637143030916618e-6	1.8866575695423987e-4
gene-AUO97_RS01625	20.106545959513475	-1.885796454415505	0.5000977801392006	-3.7708554792836706	1.6268887484774985e-4	0.0018791150256695136
gene-AUO97_RS01760	7.586376283559461	-1.7626760740109189	0.6667079425864078	-2.6438504199797643	0.008196887049301866	0.04036841152654646
gene-AUO97_RS01785	45.069186146621576	1.9810043587162511	0.31468237525954806	6.295250431748302	3.0690396671251283e-10	2.7374128808718853e-8
gene-AUO97_RS01795	9.564423291827433	2.0334060141389463	0.6320750910944026	3.2170323475620872	0.0012952399437363253	0.009855486870467632
gene-AUO97_RS01800	5.466955173925745	2.1290668099030747	0.8373763359048367	2.5425447539098256	0.011004850703007682	0.04969982504551008
gene-AUO97_RS01845	2.7451137519573123	4.236647445364352	1.3705415353449877	3.0912214888094716	0.0019933488378004343	0.01364742669120937
gene-AUO97_RS01875	18.383312071566248	2.414179924420527	0.45035596790039106	5.3606038256264235	8.294423929389896e-8	3.32917440465887e-6
gene-AUO97_RS01880	32.584974926793045	2.289604558762333	0.43237330338019	5.295434618332719	1.1873367148628068e-7	4.4853390487346734e-6
gene-AUO97_RS01940	11.369781133165686	1.8596420328819043	0.4854054195483978	3.831110980615014	1.2756594556890646e-4	0.0015574686358241774
gene-AUO97_RS01945	18.959571684171742	2.0054206832038113	0.4902434619005556	4.090662780956382	4.301421812179213e-5	6.871574845227588e-4
gene-AUO97_RS02015	20.21564828980567	-1.803356048507416	0.5055418211317582	-3.567174807556449	3.6085077031234144e-4	0.003609631848825322
gene-AUO97_RS02060	7.8817752712246225	-2.3752658309211894	0.7371934868108059	-3.2220385467550665	0.001272820100141948	0.009801020003730922
gene-AUO97_RS02095	45.0797510466489	2.1509141497168787	0.3861617288420409	5.5699827017210914	2.5476462796587848e-8	1.2394685157552057e-6
gene-AUO97_RS02120	89.9403994236622	2.083397539034295	0.3408480180623803	6.112394465069186	9.81472128361499e-10	7.32908605620645e-8
gene-AUO97_RS02130	5.071864896703672	1.9885273236296468	0.7419376697716014	2.6801811050270525	0.0073582337838499845	0.036917638562409844
gene-AUO97_RS02140	11.211173416297736	-3.118138926726969	0.6801634537655	-4.584396455681975	4.552996395675372e-6	1.0671293012053738e-4
gene-AUO97_RS02165	14.195531025140465	2.0815898032649582	0.7118600580111263	2.9241559205902563	0.0034539169170989255	0.020768777567049906
gene-AUO97_RS02175	26.893383373865667	-2.3760723226843	0.4101609693790971	-5.793023959059794	6.9130240858445515e-9	4.2687923730090105e-7
gene-AUO97_RS02230	9.457163174100245	2.5589930605443207	0.733443646166257	3.4890111516001165	4.8481092295824316e-4	0.004551835887774617
gene-AUO97_RS02275	6.0739999017481905	3.2619482964914277	1.1611853552427394	2.8091538372954554	0.004967190489565721	0.027357887927951168
gene-AUO97_RS02290	6.734631306945907	-2.8720703906203022	0.7661934550240176	-3.748492462037897	1.7790068342285237e-4	0.0020114052622210526
gene-AUO97_RS02295	7.877220660365359	-2.3387816967497215	0.6471546265528754	-3.6139457260893626	3.0157221614192956e-4	0.0031338135470282713
gene-AUO97_RS02310	2.228418169711695	3.7848044960679315	1.2407656922222436	3.0503781010331195	0.0022855343726725487	0.015162884973865382
gene-AUO97_RS02440	23.09537111977564	-2.364537700557986	0.5934637863421939	-3.984299893228166	6.767935955940814e-5	9.658596602011535e-4
gene-AUO97_RS02460	9.281475381817307	-4.245762044024822	0.9773966988515501	-4.34394964604815	1.3994360531291445e-5	2.773820473208446e-4
gene-AUO97_RS02475	8.835412224031572	3.052254781534831	0.7589223505162963	4.021827502455786	5.774834374683942e-5	8.505960172986302e-4
gene-AUO97_RS02490	8.007658256239441	-1.5911052669084238	0.6187477391719304	-2.571492655533253	0.010126116315168292	0.04658303651576702
gene-AUO97_RS02515	40.630749280724814	1.7528271713356103	0.28575494828115344	6.134022111879612	8.568460115223607e-10	6.550791769043572e-8
gene-AUO97_RS02520	13.349094595029689	-1.7646746489211604	0.5078302563639734	-3.474930110616289	5.109864624901836e-4	0.004783607962262331
gene-AUO97_RS02525	17.59271753374826	-2.6513521042856008	0.4706047782293169	-5.633925168081584	1.761534810637911e-8	9.358180462951609e-7
gene-AUO97_RS02540	15.822843971597079	-1.9658611563838273	0.6275575416988232	-3.132559208932719	0.0017328947187525067	0.01225622233901828
gene-AUO97_RS02590	2.3863440226804262	-3.372595103135336	1.3091544615476784	-2.5761628609875906	0.009990357833287914	0.046395971656478366
gene-AUO97_RS02665	18.13306540717788	2.1126549687770972	0.5465344881324432	3.8655473984747544	1.1084031966531237e-4	0.0014274062914582859
gene-AUO97_RS02900	10.951638558692428	2.040332695850026	0.666302787147367	3.062170435434128	0.0021973829766794716	0.014638582444227766
gene-AUO97_RS02930	17.357782151418686	-1.9789979511644555	0.4596233308571915	-4.305695160151358	1.664621593084144e-5	3.2199397201163776e-4
gene-AUO97_RS02945	23.749635534052036	-1.7996007587980616	0.4704651889072474	-3.825151788547854	1.306915387849946e-4	0.0015835869095796892
gene-AUO97_RS03065	9.777640559410779	-1.9509459078383293	0.6207323820570352	-3.1429742739908635	0.0016724053779272744	0.01193354148560995
gene-AUO97_RS03125	32.24593677043277	-3.5839236789968867	0.5455934927400894	-6.568853416850046	5.0704166854460187e-11	5.6141751644714366e-9
gene-AUO97_RS03175	3.06604076702936	2.66960901047531	1.030624902561227	2.5902818802854557	0.00958973720594644	0.044824697150483504
gene-AUO97_RS03195	11.400582567203113	-1.8642919673243599	0.5342445981658798	-3.489585058463255	4.837710741856155e-4	0.004551835887774617
gene-AUO97_RS03360	12.280495032609894	-1.800770471980612	0.508123700019933	-3.5439607951960714	3.9416385308121597e-4	0.0038807016844761154
gene-AUO97_RS03430	14.760413112599288	-1.8261821180207334	0.587279164157762	-3.109563950969938	0.001873637197282513	0.012938169979514299
gene-AUO97_RS03455	5.489572256539833	-3.2346515991779663	0.8595717495288174	-3.7630966826807324	1.678222833220562e-4	0.001917712995541361
gene-AUO97_RS03465	47.56799148488613	-2.0529146330893266	0.31824955261389404	-6.450644207440439	1.113756957713824e-10	1.1175854972559653e-8
gene-AUO97_RS03500	3.5155714058845113	2.5351099381417432	0.9731324954601875	2.6051025425298406	0.009184676711894133	0.04356277241047572
gene-AUO97_RS03505	2.6009731972543317	3.262313281735109	1.2828911817900397	2.5429384253644556	0.010992459856975868	0.04969982504551008
gene-AUO97_RS03555	15.83298292460153	-3.00234683214078	0.5985759284203717	-5.015816189040387	5.280879822153714e-7	1.5847574868164088e-5
gene-AUO97_RS03560	8.21980737040359	-1.690646569286572	0.5321830089937345	-3.176814255087344	0.0014890236970957784	0.010941087165616805
gene-AUO97_RS03680	7.737913813174382	-2.391853277640932	0.7036773067186509	-3.399076899032725	6.76137030156258e-4	0.005948153435155464
gene-AUO97_RS03690	4.3487664757296844	-3.3528181940982344	1.0710745741538337	-3.130331234636034	0.00174609296478762	0.01229540462704616
gene-AUO97_RS03730	64.2972721683736	-1.725474942654268	0.3149196121296529	-5.479096493818515	4.275031857897174e-8	1.933398210663074e-6
gene-AUO97_RS03760	96.4426975279045	-3.552976780304377	0.4336404464272909	-8.193370359192519	2.5401103035381424e-16	8.156294184660975e-14
gene-AUO97_RS03800	15.827157807477892	-2.3538964515318015	0.5300283366817274	-4.441076615390989	8.950991624609151e-6	1.9289687319879183e-4
gene-AUO97_RS03805	34.36754808914869	1.62958074269513	0.35434267059471336	4.598883730147748	4.247607480807796e-6	1.0178408672293905e-4
gene-AUO97_RS03875	20.54725433031703	-1.7408780438361273	0.4428581528411205	-3.9310059726069526	8.459117029177167e-5	0.001155839352369697
gene-AUO97_RS03880	13.034156128202492	-1.692832655732802	0.5311066029105148	-3.187368875581508	0.001435735405097862	0.01064698934357791
gene-AUO97_RS03945	2.3940328379575404	3.879959242399823	1.3706016717671905	2.830843798254808	0.004642538742400094	0.02574644542633282
gene-AUO97_RS03975	12.833335278232656	-1.5651125348861543	0.5058197774737637	-3.094209844270739	0.0019733785563820216	0.013539569539621092
gene-AUO97_RS04075	3.98901977561176	-3.1790536791343733	1.1541108869810208	-2.754547864503987	0.005877329250518104	0.030937875776087923
gene-AUO97_RS04080	11.597357896463311	-1.7173402599076304	0.6037481290904674	-2.8444647315011373	0.004448611044686592	0.024978181526558223
gene-AUO97_RS04100	3.926467359929059	-5.073905538116078	1.2596938521776793	-4.027887831114385	5.6280181274638376e-5	8.366465836706659e-4
gene-AUO97_RS04250	9.857606196360791	-1.7948006068787805	0.5462910171589862	-3.285429469832272	0.0010182703224277823	0.008256732336655578
gene-AUO97_RS04325	11.189323175976293	-2.9908023055158557	0.5296461057861177	-5.646793722908264	1.6346776946224653e-8	8.89652555497074e-7
gene-AUO97_RS04380	2.153103241490768	-2.8027368026917663	0.9637648071985161	-2.9081128318420317	0.0036361711681061107	0.02154196609001609
gene-AUO97_RS04405	8.01252285013993	-3.401066761089068	0.6792527007266513	-5.007071385142337	5.526443526475575e-7	1.6430935336586178e-5
gene-AUO97_RS04490	2.218144622804781	-3.4078702753360925	1.3059805109554663	-2.609434250165698	0.00906920725513399	0.0433217197307397
gene-AUO97_RS04495	30.10938494636718	1.6460152019830037	0.37727223419424644	4.362937562840945	1.283275769293216e-5	2.575374059500323e-4
gene-AUO97_RS04505	9.167367339658842	1.7654686877603492	0.5000247890231689	3.530762327222431	4.1436389827099584e-4	0.004007597823337854
gene-AUO97_RS04560	38.72839213722686	1.529123761608135	0.3809840855331537	4.013615842951185	5.979563542099979e-5	8.727444788037742e-4
gene-AUO97_RS04575	186.69095202139945	-1.827060107572229	0.24290962684448184	-7.521563189185453	5.412515675689009e-14	1.0223286961551416e-11
gene-AUO97_RS04620	5.571551423117505	-2.4658081572028188	0.7355757420319742	-3.352215164669792	8.016768709479691e-4	0.0067908127092780315
gene-AUO97_RS04680	7.507284633872202	-2.0302375510565986	0.7264685109939013	-2.7946669681236087	0.005195320467159179	0.028192362992345496
gene-AUO97_RS04720	17.33785980907637	-2.8271701838024077	0.5081960283188662	-5.563148915497835	2.649496077864048e-8	1.2697808814957401e-6
gene-AUO97_RS04770	30.38987748062683	-1.5983299837219613	0.2854077586242791	-5.60016304891718	2.141502832677315e-8	1.0744321243323216e-6
gene-AUO97_RS04840	12.124609634929314	1.8402166425307498	0.5574639227448965	3.3010506464161975	9.632349312765199e-4	0.007930634267510013
gene-AUO97_RS04860	10.483208491979699	-1.667271611209473	0.49354165345323775	-3.3781781123109282	7.296780241523526e-4	0.006302140553496283
gene-AUO97_RS05110	95.48390665425725	-1.5768733824156798	0.31189734081328735	-5.0557448752333265	4.2871413843054e-7	1.3110486652385372e-5
gene-AUO97_RS05135	7.883280010926289	2.3049744427774144	0.7143573526865442	3.2266406079658894	0.0012525267418337298	0.009714645816493011
gene-AUO97_RS05160	89.45859917820596	1.5157429558094868	0.29009968078767157	5.224903907836019	1.7424557481902324e-7	5.889500428882985e-6
gene-AUO97_RS05200	2.728539379703244	4.289026579527759	1.275517218566497	3.3625783463339096	7.721821084647441e-4	0.006594353059256099
gene-AUO97_RS05205	6.838953485371643	2.150263906530088	0.7580649509320277	2.836516717843736	0.004560859054399116	0.025381141115555565
gene-AUO97_RS05235	7.433292796984516	2.505546371634059	0.8068687180130555	3.105271422349922	0.0019010449032477211	0.013099260052206936
gene-AUO97_RS05335	8.420084565789177	-2.819196585284387	0.6223330069653387	-4.530045094396551	5.897109832066407e-6	1.3525442621975167e-4
gene-AUO97_RS05355	2.914334071670293	2.868719803315144	0.991669514103061	2.892818386082813	0.0038180199620688037	0.022290294724005323
gene-AUO97_RS05435	5.105123539583231	2.1333477702899666	0.7866585292772986	2.7119108112256383	0.006689658969589885	0.03424564042840606
gene-AUO97_RS05450	8.802639521008196	2.671720538413639	0.6678705064731465	4.000357123901627	6.324696396448969e-5	9.106995573541543e-4
gene-AUO97_RS05485	15.705366533812905	1.7502004334813526	0.63763510672455	2.7448307268900365	0.006054211670435585	0.03164762309513877
gene-AUO97_RS05520	4.891001791835624	2.543247552678063	0.8368587302401194	3.039040474547395	0.0023733296639024907	0.015584379449470139
gene-AUO97_RS05525	21.72487298226198	2.3495472038468357	0.45901655139798797	5.118654646964294	3.077228549609518e-7	9.68723614980016e-6
gene-AUO97_RS05545	11.182185152403385	-1.6369041710630914	0.5883304803229924	-2.7822868707472606	0.005397730511654661	0.02903201452750941
gene-AUO97_RS05580	17.854057055126937	3.124763629063991	0.5940936383631378	5.259715686694476	1.4427830621270913e-7	5.09096309064845e-6
gene-AUO97_RS05630	12.456629183362454	-1.686381627590536	0.5735480731698493	-2.940262039885076	0.0032793478305940616	0.02012972951897409
gene-AUO97_RS05645	1.555873878387259	3.6877135846566564	1.3745947143017658	2.6827642695613405	0.007301643745316793	0.036806245001903014
gene-AUO97_RS05705	44.381567851539714	-2.519206690796415	0.3363145477815409	-7.49062657983148	6.854558224499388e-14	1.2227770254926408e-11
gene-AUO97_RS05770	362.5282143749933	-2.091757012241442	0.4498768580300834	-4.64962127947814	3.3254509250634486e-6	8.221896968728617e-5
gene-AUO97_RS05845	10.66627465950111	-2.97659804731917	0.6261356299438577	-4.753918967342692	1.995110281229563e-6	5.208373262624493e-5
gene-AUO97_RS05925	11.277969356505688	1.57915788530965	0.6136997685021087	2.5731766025657605	0.010076977348918489	0.046490192912898375
gene-AUO97_RS05970	72.91506912860189	1.5164064192348365	0.3191481910247182	4.751417873828369	2.019951996713287e-6	5.2306982753599714e-5
gene-AUO97_RS05985	16.997372391051762	2.3089902843065846	0.7535088108540912	3.0643175647665992	0.0021816719093348974	0.014578840447439137
gene-AUO97_RS05990	2.218863682294384	4.602340944202892	1.2867072611904122	3.576836070657581	3.477781155437625e-4	0.003522761921170415
gene-AUO97_RS06005	23.428370440543627	4.95811027229311	1.0663933657991385	4.649419652547801	3.328703226205918e-6	8.221896968728617e-5
gene-AUO97_RS06015	342.62627824585167	2.8233191274736833	0.4441978417046988	6.3559946996559615	2.0708216664981044e-10	1.8998309631786895e-8
gene-AUO97_RS06070	18.508046190888773	-1.8783947566265962	0.48095538923646536	-3.9055488277376784	9.40117723925264e-5	0.0012480726369248577
gene-AUO97_RS06075	20.36419333936601	-1.8880147567356422	0.4571604850517955	-4.129873028115571	3.62963636674312e-5	5.976801217237003e-4
gene-AUO97_RS06080	5.319633332098885	-2.844950561541185	0.9973561623455757	-2.8524920875311475	0.0043377892327190895	0.024564783873076815
gene-AUO97_RS06265	18.24401365433912	-3.5306793135762304	0.6277023817513903	-5.624766475674457	1.857590956920181e-8	9.62052348817855e-7
gene-AUO97_RS06345	15.969462835424041	-2.047123598394524	0.5165389198760582	-3.963154603888754	7.396584703898636e-5	0.0010326275427921096
gene-AUO97_RS06360	8.59301484183138	2.6238247265532144	0.64075133818608	4.094918840093365	4.223163007896688e-5	6.814360009224254e-4
gene-AUO97_RS06365	16.04807488974238	-2.0531788961930584	0.47887091244273255	-4.287541470664278	1.8066153661885102e-5	3.432569195758169e-4
gene-AUO97_RS06375	23.49983667303936	1.5308018389501257	0.34294329872856266	4.463717018601798	8.05499329066608e-6	1.783764376298537e-4
gene-AUO97_RS06400	50.81325344761275	-1.602117642500064	0.3288577138029206	-4.871765433059565	1.1060543880387702e-6	3.115386526309203e-5
gene-AUO97_RS06450	4.565865537099918	-2.2166767657212456	0.7905488869203819	-2.8039717750491153	0.005047732371564955	0.027612041984829763
gene-AUO97_RS06455	20.88869271765937	-2.341527336383742	0.4192077225968489	-5.585601624604572	2.3289255038388658e-8	1.1504891988963998e-6
gene-AUO97_RS06525	22.4475646510819	-2.050438139486401	0.4911481326572791	-4.174785575164117	2.9826685394899593e-5	5.040709831738031e-4
gene-AUO97_RS06560	126.20858395231885	-2.188262431206574	0.2614638336709145	-8.369273870438159	5.797436665194661e-17	2.0683965702155618e-14
gene-AUO97_RS06595	24.50692218021806	-1.5516530213784652	0.4042001650282009	-3.83882332475101	1.2362534340436696e-4	0.001515118235387108
gene-AUO97_RS06655	7.278219018164121	2.443886198568259	0.7171053034960521	3.407987901712281	6.544379620930729e-4	0.005804973194146013
gene-AUO97_RS06755	23.67248658234049	-2.134723089724713	0.44808345986430287	-4.764119368233745	1.896801991105478e-6	4.9941944037770735e-5
gene-AUO97_RS06820	11.096601505647627	-1.5771371923113229	0.5454001759200326	-2.8917064239131545	0.0038315579488716273	0.022328734253769137
gene-AUO97_RS06825	20.323680819063977	1.764054128589478	0.4099124814177709	4.303489668058204	1.6812869211056925e-5	3.231730232164153e-4
gene-AUO97_RS06900	13.081003094721392	-2.992371213850843	0.5818563099664622	-5.142801001888802	2.706722840356545e-7	8.779077818570571e-6
gene-AUO97_RS06905	39.95684819893347	-2.8320180830696007	0.42105431504305235	-6.72601605514963	1.743713327753427e-11	2.4343754327896754e-9
gene-AUO97_RS06910	8.166338187603724	-1.6467336723737176	0.6042004963663394	-2.72547553713903	0.006420893435626635	0.0331470881379375
gene-AUO97_RS06915	15.472846581561345	-1.7659105326204272	0.4813064765435817	-3.668993912780906	2.4350687651441798e-4	0.0025976763471355353
gene-AUO97_RS06920	9.218965140619867	-4.024372425268265	0.7447957821585274	-5.403323329255495	6.541738563231687e-8	2.727989938511292e-6
gene-AUO97_RS07020	20.765830000504568	-1.994341236361045	0.4534019311137398	-4.398616546387729	1.0894311773515048e-5	2.2568796841778593e-4
gene-AUO97_RS07070	4.40882966102669	4.310570575668976	1.2445669740410037	3.463510333777312	5.331761150129086e-4	0.004948059263891472
gene-AUO97_RS07085	6.7633020068568195	-1.6774765789007036	0.5840633494661838	-2.8720798530396854	0.004077799124953313	0.02346766995706113
gene-AUO97_RS07095	10.924975221588673	-1.536168071602781	0.5153270163752456	-2.9809577662122604	0.002873484186610135	0.01814589436914699
gene-AUO97_RS07115	8.680484225740972	-3.0437011715658913	0.8455356432364598	-3.599731360721241	3.1854610112171697e-4	0.003247147716513756
gene-AUO97_RS07120	44.41494007993664	-1.927914263887066	0.3139472092264782	-6.140886770859266	8.206206548740188e-10	6.426860787318229e-8
gene-AUO97_RS07125	81.15609434515984	-1.7536735963282808	0.305731697905982	-5.735988804365215	9.69450655065829e-9	5.764640839659957e-7
gene-AUO97_RS07170	28.970645593276505	-2.7360856621661998	0.75645523789303315	-3.61698290276509	2.9805698310675355e-4	0.0031174624519732432
gene-AUO97_RS07200	27.199583491998045	-2.161721194051622	0.3261215040132375	-6.628576059688098	3.3894046743660556e-11	3.886920860496216e-9
gene-AUO97_RS07205	11.292833904317325	-1.67377574170144	0.47148187412246523	-3.5500320024321543	3.8518432384666173e-4	0.0038291853370638726
gene-AUO97_RS07240	12.945081628972876	-1.8914820703363748	0.5350434254253107	-3.535193557107667	4.074765653049839e-4	0.003985088271050152
gene-AUO97_RS07245	8.311732842135255	-4.180979095490319	0.7977383168900434	-5.241040836285424	1.5967337099146617e-7	5.513023594124708e-6
gene-AUO97_RS07280	6.892818952871171	-2.535808194240692	0.848695040105559	-2.9878909082882035	0.0028090980356713247	0.017861413450575493
gene-AUO97_RS07325	35.455708697504626	-1.7374763509668232	0.30329261472511626	-5.728713020399634	1.0119542109886147e-8	5.907972675426258e-7
gene-AUO97_RS07330	31.11733339881449	-2.5267357362374576	0.37922257090577977	-6.662936043607069	2.684104882535854e-11	3.3148695299317794e-9
gene-AUO97_RS07350	60.33329042426822	-3.04392279359386	0.3251052262514167	-9.36288483790745	7.758872463555718e-21	6.228434870119353e-18
gene-AUO97_RS07425	35.783766913803525	-2.0729862873973066	0.32606631812774156	-6.357560324845273	2.0498318234094197e-10	1.8998309631786895e-8
gene-AUO97_RS07455	8.544547062193464	2.053153254324734	0.7501091455089443	2.73713934381067	0.00619760352432969	0.0321494425147377
gene-AUO97_RS07545	24.511313946631237	1.5793695079347991	0.40935615443228934	3.858179462637196	1.1423475834889925e-4	0.0014392093583965788
gene-AUO97_RS07690	14.101982674144766	-1.6754745736198522	0.5644617315167267	-2.968269556764811	0.002994815693553342	0.018600296309477335
gene-AUO97_RS07695	4.81742287300672	-2.040278508662649	0.7750146146759167	-2.6325677865001555	0.008474211073808439	0.04160656232109923
gene-AUO97_RS07715	59.73561815246665	1.9910260268372302	0.34062058039211185	5.845289866352828	5.056869208206914e-9	3.183844515206353e-7
gene-AUO97_RS07735	10.766860690180557	1.9969543353544676	0.5223432818618333	3.823068860456194	1.3180095189120361e-4	0.0015910257764009579
gene-AUO97_RS07815	55.8156470071974	1.8242348316043793	0.31183894524213013	5.849926250192823	4.917910207404273e-9	3.183844515206353e-7
gene-AUO97_RS07820	10.318731537334651	-2.05224820519812	0.6295925937197607	-3.259644769759792	0.0011155183374770082	0.008911472626707903
gene-AUO97_RS07875	34.91463338472396	-1.7729356158794423	0.33065622183138477	-5.361869817721244	8.236489189981304e-8	3.32917440465887e-6
gene-AUO97_RS07935	34.665473845174404	-1.6430740271052249	0.38932240300171717	-4.220342868627516	2.4393103237782023e-5	4.3274173754982357e-4
gene-AUO97_RS08005	19.84840090144413	-1.7537104282830447	0.48661354068183676	-3.603907992008952	3.134680622003912e-4	0.003205560343074701
gene-AUO97_RS08030	74.27219253842031	-2.74160936229972	0.3273802519306582	-8.374388333235247	5.551142923392288e-17	2.0683965702155618e-14
gene-AUO97_RS08070	2.2498699838233547	-3.988324770514693	1.3380755128991448	-2.9806425213427445	0.0028764435483948363	0.01814589436914699
gene-AUO97_RS08090	14.840936560160225	-1.6494314315866774	0.4267719324214175	-3.8649013824038	1.1113409307523248e-4	0.0014274062914582859
gene-AUO97_RS08105	13.205785482411347	-2.1579364758404935	0.46461596990428944	-4.6445594116901034	3.4080296761144637e-6	8.353575030537056e-5
gene-AUO97_RS08235	23.44674141563337	-1.7774690426466313	0.4465596921051384	-3.980361582272281	6.88105226834717e-5	9.776574705160513e-4
gene-AUO97_RS08300	32.744688872199696	-1.8725074199476468	0.4613741180522347	-4.058544566506546	4.937951058135937e-5	7.622961945997352e-4
gene-AUO97_RS08305	223.8165930201929	-2.898210193463872	0.2937963186401183	-9.864691997771404	5.92159046097088e-23	6.338075656725832e-20
gene-AUO97_RS08315	5.697430758371276	-2.767436573343404	0.82839731250442	-3.340711674904955	8.356395380971682e-4	0.006987600408411476
gene-AUO97_RS08355	13.647471213681166	-1.5631675869090718	0.5943007092430556	-2.6302637075766495	0.008531865776536257	0.0417138362687923
gene-AUO97_RS08375	75.8223508522524	-1.848223073851979	0.28683479299806874	-6.44351075590897	1.167409924102683e-10	1.1359252322102167e-8
gene-AUO97_RS08385	25.04977025884782	-1.5990119635518363	0.4946712178242593	-3.2324742292160478	0.0012272320469346575	0.009594974259919672
gene-AUO97_RS08415	5.421757636555079	-3.2626905309276637	1.2710467207537068	-2.56693202354745	0.010260272404087448	0.047132667653111304
gene-AUO97_RS08565	11.179711980894176	1.6053531219300214	0.5063354265486284	3.170532887403729	0.0015215960745935718	0.011079013595283354
gene-AUO97_RS08650	12.79304333334678	1.6553829604691928	0.5245083758487248	3.1560658260043253	0.0015991276667653744	0.011564862472936074
gene-AUO97_RS08705	12.750435453648237	1.7516730954443782	0.4747404985665747	3.6897486115748652	2.244757634710552e-4	0.0024516723690665245
gene-AUO97_RS08725	6.72834328272637	-3.1811106203342665	0.9322966736561542	-3.412122675348631	6.445909748403713e-4	0.005765408412848001
gene-AUO97_RS08855	6.758752900209876	-3.0687950357943667	0.7289661035274547	-4.209791128756906	2.5560688303462528e-5	4.5096357221108887e-4
gene-AUO97_RS08890	351.1851188600345	-2.2332113711102846	0.3706402412286192	-6.025280373516673	1.6881671687534386e-9	1.204601061970509e-7
gene-AUO97_RS08905	3.206789647527305	-2.1972464665232363	0.8376451788028597	-2.623123157783207	0.008712777109894524	0.042324852193451314
gene-AUO97_RS08960	10.546310481832009	-2.1487066760495672	0.5736343864019308	-3.745777322602875	1.7983605878024245e-4	0.002026152928924065
gene-AUO97_RS09175	22.164902924798376	1.5407022818451364	0.3764597708871302	4.092608031435764	4.2654841009737026e-5	6.848234724113279e-4
gene-AUO97_RS09180	19.765664221929992	2.1476875326461586	0.3672948255584029	5.847312249447028	4.995792005964572e-9	3.183844515206353e-7
gene-AUO97_RS09185	12.017483484732283	2.1621283892407552	0.5402958456618573	4.0017490539690685	6.287596516437076e-5	9.094356943369122e-4
gene-AUO97_RS09210	26.485978795787215	2.3956308909051383	0.42072206263229084	5.694093806054827	1.2402888334596921e-8	6.889406452872151e-7
gene-AUO97_RS09225	2.1319209640557655	-3.8154134244631694	1.3962646497028142	-2.7325861363569257	0.006283923784881119	0.03249223715499722
gene-AUO97_RS09235	142.25510489367602	-2.0860652490911686	0.27413909680187043	-7.609513832311333	2.7512886727862238e-14	6.310277091654689e-12
gene-AUO97_RS09240	18.762507801032033	2.4926860260685744	0.4503617704037791	5.534852622667587	3.1149015821151595e-008	1.4708748500252613e-6
gene-AUO97_RS09250	14.570424363577711	-1.779366282671936	0.503794527299316	-3.5319285666133755	4.1254077954541474e-4	0.004002019465620323
gene-AUO97_RS09465	15.282023947180372	-1.7845266560268105	0.4569835760156753	-3.9050126737281214	9.422044711276332e-5	0.0012480726369248577
gene-AUO97_RS09470	4.191113203936599	-2.8040020209919616	0.9089180417848354	-3.0849888461733737	0.0020355978681123395	0.013848103293450683
gene-AUO97_RS09515	13.53188857463963	1.6007138679439856	0.5073455489458378	3.155076202540749	0.0016045619048872814	0.011578086014815867
gene-AUO97_RS09535	288.55360206284195	-1.545865782412477	0.2899434279215872	-5.331611733688075	9.734489636093066e-8	3.8118836855481505e-6
gene-AUO97_RS09555	25.47650035926773	1.5698097037800909	0.35421116521339346	4.431847039136566	9.342928925308232e-6	1.9736937354713642e-4
gene-AUO97_RS09560	25.377242233869783	2.0987786363100818	0.37262986144141247	5.6323415095922655	1.777791990781838e-8	9.358180462951609e-7
gene-AUO97_RS09595	15.801469102095277	-2.7885672756533615	0.46988873604728865	-5.934526754377712	2.9469427610240075e-9	2.0148358703865058e-7
gene-AUO97_RS09735	4.407924420837641	-3.280773433156358	0.9578221209600326	-3.425242914486056	6.142499556927299e-4	0.005540327549801561
gene-AUO97_RS09740	10.033344033941995	-1.5432008203663283	0.5569638996928999	-2.7707376029527624	0.005592947783443071	0.029881789238994507
gene-AUO97_RS09755	68.20598932650415	1.749104015588478	0.24053772912104932	7.2716410102477145	3.5514637995732853e-13	6.001973821278852e-11
gene-AUO97_RS09830	89.5320620766654	-2.053100007280949	0.3587473780434196	-5.72296867639395	1.0467857092962697e-8	6.002194486697004e-7
gene-AUO97_RS09985	3.4722724028250247	-4.3005855475106225	1.3735579494539807	-3.130982241572115	0.0017422269535270283	0.012295144500605029
gene-AUO97_RS10055	6.043453555579462	3.242907407515224	0.9354730421140673	3.4665963224195173	5.270928407322081e-4	0.004905782932148175
gene-AUO97_RS10115	18.64916666686089	1.8453406728681496	0.45286441488318385	4.074819332722696	4.605008370249227e-5	7.213015549692814e-4
gene-AUO97_RS10220	10.556308584846187	2.48014200694417	0.638263343069061	3.8857660147275843	1.0200772296937125e-4	0.001331491050628663
gene-AUO97_RS10455	3.5416976531958873	3.313493324704283	1.238947128493706	2.6744428785534864	0.007485352678107329	0.03732215442453825
gene-AUO97_RS10550	9.493309690098897	-2.6761372701509467	0.7572867362140128	-3.5338493891099367	4.095543847544535e-4	0.003985088271050152
gene-AUO97_RS10585	12.55540442352964	-3.167679952080022	0.5771384875862261	-5.488595926652287	4.0514123087197725e-8	1.8584407033284557e-6
gene-AUO97_RS10650	81.76697674273485	-1.6509828527765218	0.25565291311713123	-6.457907452124745	1.0616062705835305e-10	1.0996186241431342e-8
gene-AUO97_RS10685	572.3734881288707	-2.675104148437191	0.2419559003266252	-11.056164139109521	2.0466424421742364e-28	6.571768881821473e-25
gene-AUO97_RS10725	2.4529000296247694	-2.8166301534856983	0.9454230861851777	-2.9792271784380904	0.0028897643995877136	0.018194183307992447
gene-AUO97_RS10765	62.79294460014993	2.0848841377216174	0.39472593967674935	5.281852364273246	1.278842362725186e-7	4.666321393989287e-6
gene-AUO97_RS10925	2.0374321354185034	3.417258767994145	1.3269311628952347	2.57530975498233	0.010015035135128393	0.046395971656478366
gene-AUO97_RS10930	19.95782782849356	-1.5387663892845949	0.49818023576045783	-3.088774461186145	0.002009839534563722	0.013731052649966196
gene-AUO97_RS11070	16.720431914339873	1.5451445162605963	0.5035360198242024	3.0685878575281405	0.0021507307726276524	0.014447691445412955
gene-AUO97_RS11145	2.754312778697692	-3.55849570029905	1.3532113738428349	-2.629667300381664	0.008546846632334269	0.0417138362687923
gene-AUO97_RS11280	5.882970938297106	-2.6660167628795275	0.8503824071463973	-3.135079865805079	0.0017180733000183388	0.01217821935178562
gene-AUO97_RS11290	4.879539580672946	-3.206168931574189	0.9884435226945026	-3.243654147112173	0.0011800693809975965	0.009379214807879411
gene-AUO97_RS11325	14.525389666999653	-3.7273233447226692	0.5934802740674145	-6.280450265309535	3.375938664693784e-10	2.929767311441011e-8
gene-AUO97_RS11395	205.84275765976483	1.789842627182281	0.2742200068370839	6.527031516871194	6.708593486849242e-11	7.1804312287576385e-9
gene-AUO97_RS11400	17.581949594220237	3.2481025718415806	0.6146128319858278	5.28479459393467	1.2584588128755537e-7	4.666321393989287e-6
gene-AUO97_RS11470	2.9559508222710194	3.798704894717934	1.3250542142608746	2.866829789931939	0.004146059322999527	0.02381573611118333
gene-AUO97_RS11500	8.688075017173352	-1.6365929342890733	0.569833984218192	-2.872052175923601	0.004078156286527595	0.02346766995706113
gene-AUO97_RS11585	4.049710303649213	5.299169045655636	1.1938699584934387	4.438648454093553	9.052553522272318e-6	1.9378499573344273e-4
gene-AUO97_RS11610	8.759070284671994	1.8441030615476446	0.6595540826755252	2.7959846053365593	0.005174186502733634	0.02815985230555542
gene-AUO97_RS11660	6.88546412329572	-2.212882256240103	0.7660523205673836	-2.8886829225986963	0.003868589476133636	0.022481355609715658
gene-AUO97_RS11680	20.57627660712948	1.930531101282723	0.4917820009913787	3.925583078256186	8.651990145091522e-5	0.0011672916115919695
gene-AUO97_RS11685	13.645843468224074	2.663970197970744	0.540438282974743	4.92927736967006	8.253432772081339e-7	2.3875470838876738e-5
gene-AUO97_RS11725	78.94702934731647	1.9390828816318595	0.28187768817519293	6.87916413031839	6.020476408737059e-12	8.787158976570318e-10
gene-AUO97_RS11730	18.19471595021155	1.5117402924659973	0.4234478769998494	3.5700740860404285	3.568802794787608e-4	0.003592296480897495
gene-AUO97_RS11740	4.9755136888946385	3.0380337214239495	0.9457972681654299	3.2121405122229274	0.0013174991977550458	0.01000010959927727
gene-AUO97_RS11770	21.96807969942212	-3.346117000761221	0.5877056458464405	-5.693525363265807	1.2444272010793672e-8	6.889406452872151e-7
gene-AUO97_RS11850	30.67299544260093	2.2049790950282446	0.41733515375233526	5.283473187443909	1.2675742326689e-7	4.666321393989287e-6
gene-AUO97_RS11880	31.625024968281988	-1.8346638045003105	0.33831168492968094	-5.422998631813887	5.860744134282843e-8	2.5091799220242944e-6
gene-AUO97_RS11905	41.23265784259243	1.6435141485620253	0.34498301345417115	4.764043690459432	1.8975139123662502e-6	4.9941944037770735e-5
gene-AUO97_RS11920	3.105690070064087	3.8742356824896236	1.2308707191854469	3.147556946560136	0.0016464103265955434	0.01181790394050897
gene-AUO97_RS11985	6.6104519304822125	2.5228965250411783	0.7804856190149954	3.2324702256848457	0.0012272492433740084	0.009594974259919672
gene-AUO97_RS12000	6.8076190032980755	3.760531801412021	0.9748462089652927	3.8575641643038963	1.1452262113393012e-4	0.0014392093583965788
gene-AUO97_RS12025	633.5968723216467	3.2610524857782384	0.37464101810687245	8.704472623571533	3.190548399990663e-18	1.7074751520616696e-15
gene-AUO97_RS12030	11.383833303730869	-1.5693359004359415	0.550269351359175	-2.851941320300057	0.004345312127034454	0.024564783873076815
gene-AUO97_RS12035	13.174416618227884	-2.55756872862624	0.5944745762971807	-4.302233990487255	1.690846088457109e-5	3.231730232164153e-4
gene-AUO97_RS12080	9.782057536410239	2.4072870363003376	0.619049704400638	3.888681343658932	1.0079034710462423e-4	0.001320970630828361
gene-AUO97_RS12115	7.005310403709088	3.1604780238611623	0.8851009072280615	3.570754473361771	3.5595444329203265e-4	0.003592296480897495
gene-AUO97_RS12135	14.38335504167941	-1.7267702243382006	0.6213996099903148	-2.7788402126050804	0.00545533529225509	0.029195136039051824
gene-AUO97_RS12145	2.126604649943044	3.371397338580173	1.274799948804447	2.6446481596912443	0.008177589771855665	0.0403352392587228
gene-AUO97_RS12290	9.981898068869704	1.8808941472446739	0.6705669241950205	2.8049312893005958	0.005032730696274303	0.027576959497844347
gene-AUO97_RS12345	28.206578917032484	2.1704204537911287	0.3970993425229479	5.465686344382962	4.6111908367209416e-8	2.0564630245431864e-6
gene-AUO97_RS12385	15.910571796203772	-1.9315269570371798	0.4403888626473437	-4.385957777011076	1.1547652177869667e-5	2.3617523021107962e-4
gene-AUO97_RS12395	69.94501160201274	-1.5569839852774272	0.5575055858543769	-2.7927684040893515	0.005225909254728654	0.028297461411355328
gene-AUO97_RS12400	2.143530868824336	-3.923717187626784	1.3518530076000892	-2.90247324640159	0.0037022878127067134	0.021853026041546427
gene-AUO97_RS12430	8.707132773606194	1.8552866412457456	0.7045923475402515	2.63313481578759	0.008460075894230212	0.04160077135738623
gene-AUO97_RS12495	17.194872368318087	1.7211114474998057	0.43794850322721407	3.9299402436977116	8.496697493745034e-5	0.0011560549005260722
gene-AUO97_RS12555	12.44542322642316	-1.5574408739016325	0.5650763816613572	-2.7561599182798373	0.005848439522213708	0.030887071226691144
gene-AUO97_RS12635	1.6686824185065008	-3.663650664278091	1.4047654223847201	-2.6080159761184203	0.009106870388741606	0.0433217197307397
gene-AUO97_RS12660	19.92225558442308	-2.527154417958728	0.5700127052011562	-4.43350541996586	9.271317560580864e-6	1.971536469339414e-4
gene-AUO97_RS12770	2.7248888428561395	4.657432367894569	1.3424710809496232	3.4692980981013335	5.218201143424401e-4	0.004870826706841789
gene-AUO97_RS12790	25.24762969631408	2.656513335603011	0.4967102615794574	5.348215128787018	8.88258475184094e-8	3.5212320540939824e-6
gene-AUO97_RS12795	2.3490459155362786	3.548464753241614	1.2624232426400313	2.810836044036166	0.004941295864421462	0.027262029245115664
gene-AUO97_RS12800	5.1481112347333	3.193687464669259	1.0062566226800214	3.1738300078595523	0.001504417723023625	0.011003838971819727
gene-AUO97_RS12805	6.612229974956863	3.4395275715251823	0.9953197805115975	3.455701010741748	5.488637743821742e-4	0.005064372355003338
gene-AUO97_RS12850	8.353340128731142	1.7130972751370148	0.5979492343542778	2.8649543752438773	0.00417069328526867	0.02386974051962989
gene-AUO97_RS12900	5.5514410096685545	2.1342884807034292	0.8149728356659511	2.618846159405308	0.008822772621324453	0.0426013878001095
gene-AUO97_RS12910	6.240317301871725	-2.4954345338962534	0.7147157926205507	-3.491506077886686	4.8030553767041946e-4	0.004536062004293285
gene-AUO97_RS12930	22.57995020564553	1.5732798854414671	0.44401942989992577	3.5432681083259285	3.95200700972809e-4	0.0038807016844761154
gene-AUO97_RS12955	3.9797131116910536	2.9281659985228354	1.0011339687121503	2.9248493109165015	0.0034462305818766747	0.020768777567049906
gene-AUO97_RS12965	18.458819121283515	-2.2283678867749632	0.47767690138006313	-4.665010764257082	3.0860088382743225e-6	7.741542484139727e-5
gene-AUO97_RS12970	14.104373626281449	1.7635806958607245	0.4797572300167752	3.675985655909884	2.3693283590521394e-4	0.002544452629069037
gene-AUO97_RS13135	7.277858904241235	2.8378224679263364	0.6923204229725346	4.099001522650325	4.149363063869312e-5	6.729093332365838e-4
gene-AUO97_RS13215	7.116862333343315	-1.732142366836355	0.6688428941256984	-2.5897596910266736	0.00960429512286909	0.044824697150483504
gene-AUO97_RS13225	12.555531123061701	2.1512485621454074	0.5487354590825421	3.9203746113695406	8.841142805866782e-5	0.0011828712312349264
gene-AUO97_RS13245	3.1295531868869855	-3.534546112299286	1.279628573569131	-2.7621656669018844	0.005741933522277741	0.030524504969769013
gene-AUO97_RS13275	13.403181844529458	1.8253990030279712	0.5711188592651394	3.1961805732990825	0.0013925992794234954	0.010423394606594041
gene-AUO97_RS13380	9.868383792170654	2.0748862878647616	0.5630353959739709	3.6851791249740247	2.2854184942086624e-4	0.0024708682777454596
gene-AUO97_RS13395	3.88848250970425	-2.2382365670986095	0.8550092110501389	-2.6177923444234756	0.008850064338076252	0.04263712832381552
gene-AUO97_RS13410	45.39588139798121	-2.9024347328067766	0.5781026750199323	-5.020621523169226	5.150455402546766e-7	1.5601992733563836e-5
gene-AUO97_RS13455	7.569401315341831	1.6430567941723808	0.5636373757568972	2.915095529223826	0.0035557968296529444	0.021143821518547417
gene-AUO97_RS13470	231.3953690716854	-2.2303582093382905	0.6336412353092337	-3.519906983720554	4.316981648041545e-4	0.004150247925707006
gene-AUO97_RS13475	8.654636772761302	3.2564352611227276	0.8411143531643697	3.8715725737786317	1.0813545077183e-4	0.0014000924694691375
gene-AUO97_RS13495	18.54259610019753	3.2029925554934313	0.6908053611152061	4.636606395646177	3.541759257778914e-6	8.615597709642495e-5
gene-AUO97_RS13510	7.320906993860169	-2.75360002187132	0.7869039601021534	-3.4992834722980124	4.6651033008767893e-4	0.004450891568885665
gene-AUO97_RS13555	1.9097466106169407	-4.742867974438939	1.4947377273911369	-3.1730435965625725	0.001508498707475137	0.011008612158415147
gene-AUO97_RS13785	1.65925531880759	-3.7223763525933795	1.4347124062741685	-2.594510465174054	0.009472572975975842	0.04449995552996685
gene-AUO97_RS13830	2.3897600820313314	4.131105533881431	1.2311364159891132	3.3555221665362245	7.921530790163473e-4	0.00672910988550659
gene-AUO97_RS13855	4.5903535490428045	-2.5869853054354115	0.9433490325809502	-2.7423416106735856	0.006100286223020766	0.03179873224370078
gene-AUO97_RS13885	2.4726401690290745	3.335334192788714	1.2816722574022201	2.602330021209162	0.009259270234075669	0.0438517945746563
gene-AUO97_RS13950	106.96626504699775	-2.2858720348316766	0.2862149458301194	-7.986557194635243	1.3875940214203468e-15	4.0505130934370307e-13
gene-AUO97_RS13990	8.579886344226843	-1.973700383638209	0.6707214596322022	-2.942652803625085	0.0032541314769507996	0.020017272361090074
gene-AUO97_RS13995	8.831381497413417	-1.9374502796347575	0.5943816370504413	-3.25960655387868	0.0011156686377877848	0.008911472626707903
gene-AUO97_RS14015	2.2160004051416524	-4.083665412800286	1.474576320957774	-2.7693821979643913	0.005616270988850112	0.029956555058467952
gene-AUO97_RS14040	3.5952984259675302	3.481868906441805	1.2517811696286951	2.781531621437157	0.005410305970293217	0.029050990753530972
gene-AUO97_RS14110	6.8498403232800085	-4.327357521129815	1.1686021073045934	-3.7030204670013482	2.1304768682489756e-4	0.002367114610362443
gene-AUO97_RS14165	34.86130625697786	1.5370047916208787	0.4207073668263219	3.6533821673139157	2.588085852440285e-4	0.002733665681640051
gene-AUO97_RS14205	6.399604121524878	2.104842151700097	0.8097485366059615	2.5993775308597464	0.009339299695796527	0.044037243952044614
gene-AUO97_RS14275	2.6302967754745548	-3.0492387616953733	1.1245523537430155	-2.711513387123451	0.006697683646539709	0.03424564042840606
gene-AUO97_RS14290	59.40487436691088	-2.485607657512739	0.47525740053557786	-5.23002409791337	1.6948794515321394e-7	5.789636083903935e-6
gene-AUO97_RS14315	4.06984103790723	2.035472496919595	0.7509648912070459	2.710476242967798	0.006718666145325433	0.034298310004197086
gene-AUO97_RS14325	4.97692511053219	2.1328389941321966	0.8221354578784961	2.594267129210002	0.009479280467921932	0.04449995552996685
gene-AUO97_RS14340	4.089899875335285	-4.014715416013724	1.2209933502024055	-3.2880731212403407	0.0010087563565427872	0.00822372482493506
gene-AUO97_RS14365	13.346363004542443	2.0463646317736126	0.4496207573526161	4.551312630276868	5.3312262358446505e-6	1.2404759016882008e-4
gene-AUO97_RS14390	18.967068833781276	-2.4167738202859246	0.42998586081003337	-5.620589048516758	1.9030746827527656e-8	9.69963937510973e-7
gene-AUO97_RS14405	7.663119348902554	-2.0998250655081394	0.8070851053499778	-2.6017393352806186	0.009275232075298692	0.043862695425307956
gene-AUO97_RS14415	6.651268452992688	-2.68109348845288	0.886126393436983	-3.0256332598940316	0.0024811304375001618	0.01616006051686211
gene-AUO97_RS14480	42.14709486938029	-1.942475675541335	0.35714121914024993	-5.43895683678708	5.359343587850926e-8	2.325520575755314e-6
gene-AUO97_RS14535	64.58890325804943	-2.0243473288970866	0.2669180146327522	-7.584154002053216	3.346634693455654e-14	7.164029333790736e-12
gene-AUO97_RS14545	21.933436743795678	1.7190258447212121	0.41209383342256867	4.171442776622408	3.02677071600809e-5	5.061958733907279e-4
gene-AUO97_RS14575	17.526869396498558	2.523951578385478	0.5795986946117292	4.354653662697192	1.332774640662446e-5	2.6580989883025555e-4
gene-AUO97_RS14680	12.7538494317624	1.908797217825264	0.5013462743023869	3.8073429796228493	1.404678704500415e-4	0.0016560007479897
gene-AUO97_RS14745	33.93924023631259	-2.5059900112397084	0.51285461266476	-4.886355605185539	1.0271959866943893e-6	2.9188728436067998e-5
gene-AUO97_RS14770	15.434490330461765	1.5177853124306646	0.5860703619832098	2.589766367462457	0.009604108868757564	0.044824697150483504
gene-AUO97_RS14790	12.355110523485497	-1.8102042668705185	0.550616635371203	-3.28759458139174	0.0010104724020320623	0.00822372482493506
gene-AUO97_RS14850	46.56116093846588	1.7806270226895855	0.3307439011732135	5.383703271242046	7.296875752720458e-8	3.0038805182032553e-6
gene-AUO97_RS14870	51.35829954739773	-1.9563789755214298	0.3714108114838693	-5.267426028082646	1.3834988029232992e-7	4.991477141782825e-6
gene-AUO97_RS14910	11.774342972824709	-2.174250925143011	0.648732716845802	-3.3515358000046898	8.03646474470773e-4	0.0067908127092780315
gene-AUO97_RS14925	4.8543978318052	5.073534428254651	1.2151497315793396	4.17523396204066	2.976799552114655e-5	5.040709831738031e-4
gene-AUO97_RS14950	4.53772678473306	5.463522737658279	1.2644927809968258	4.32072275916931	1.5551896941410146e-5	3.0264933987192715e-4
gene-AUO97_RS15020	2.3322109354366027	-3.936110997917036	1.2921611458197135	-3.046145607032681	0.0023179555349951437	0.015283275611641492
gene-AUO97_RS15050	7.452864655140187	-1.8670841352456997	0.6651510254284283	-2.807007828099037	0.005000402653608649	0.0274936522615366
gene-AUO97_RS15085	2.7642275373495915	3.5308574406945827	1.2416746088158659	2.8436253875416013	0.004460345545513576	0.024978181526558223
gene-AUO97_RS15215	7.521761562366143	-1.8388662477320372	0.6298893764074835	-2.9193479309332737	0.0035076448522424024	0.020933547129005865
gene-AUO97_RS15235	8.110515154203354	-1.883807731516635	0.5533395774500042	-3.404433386453082	6.630146921719113e-4	0.0058487367488022175
gene-AUO97_RS15255	12.155354445510046	-2.131180418190323	0.713446421892169	-2.987162529371311	0.002815799809739985	0.017868642666156308
gene-AUO97_RS15260	22.073150398242745	-1.5304700464770227	0.3622710792679477	-4.224654227352872	2.3930791995138325e-5	4.2689873942438423e-4
gene-AUO97_RS15290	16.013239657833168	2.3248836402295683	0.6314427561692282	3.68185970543701	2.315388200398573e-4	0.002494869634724771
gene-AUO97_RS15325	20.695593385202333	-2.1876359562600043	0.5542789567123686	-3.9468140180454876	7.91980285762245e-5	0.001100886882070376
gene-AUO97_RS15360	21.464032464436222	1.7693464122654323	0.42287434814416075	4.184094920939139	2.8630447177239863e-5	4.969317074925254e-4
gene-AUO97_RS15380	5.714168664632588	3.183091471073843	0.786606365257857	4.046612907881054	5.196406587297527e-5	7.870595071609604e-4
gene-AUO97_RS15400	6.017519572434627	-2.3529580475868013	0.7301220783073248	-3.2226912697144714	0.0012699234823025877	0.009801020003730922
gene-AUO97_RS15415	5.816201956413963	-2.382996004036592	0.8141637494662306	-2.926924719503779	0.0034233173188533113	0.020768100939130785
gene-AUO97_RS15450	11.551899790370383	-1.5068321713332646	0.5046784614137932	-2.985727124379479	0.0028290496472352425	0.017917314432489867
gene-AUO97_RS15610	8.003098240562935	1.8429258901313177	0.7008334115074517	2.6296204773789134	0.008548023751125922	0.0417138362687923
gene-AUO97_RS15620	10.450049128896774	2.378197006762398	0.5857291658790338	4.060233202137571	4.9023726913622396e-5	7.604598411576885e-4
gene-AUO97_RS15625	3.1470804003548998	3.8671807699986824	1.1962176518268774	3.2328404150303913	0.0012256601031813154	0.009594974259919672
gene-AUO97_RS15710	10.46697967261232	2.318775766687162	0.5638787511575976	4.112188590059303	3.919259330632669e-5	6.420786587072193e-4
gene-AUO97_RS15775	2.355210821661604	-4.8442160066175015	1.3099566802721048	-3.6979971014089252	2.1730737000921307e-4	0.0023978486773181553
gene-AUO97_RS15785	4.131371026106402	3.9107566616782528	1.195514234936888	3.2711920505778878	0.0010709515504305545	0.008640264895559073
gene-AUO97_RS15790	33.98608470188565	-2.164588234845891	0.36475243678079844	-5.934403766976673	2.9491524730042285e-9	2.0148358703865058e-7
gene-AUO97_RS15795	39.96547197433596	-1.672270506225825	0.32476205968450683	-5.1492175774792415	2.6157531129616653e-7	8.570595148693781e-6
gene-AUO97_RS15820	6.403418421981882	-1.732746090733308	0.6187985336125822	-2.800178081575977	0.005107442171433684	0.027891151041621702
gene-AUO97_RS15930	15.382584504734849	1.5382285443481845	0.5269491451380889	2.919121434280126	0.0035101945460226706	0.020933547129005865
gene-AUO97_RS16095	7.530945404286039	-2.015235953614834	0.7467607670673676	-2.698636621643827	0.006962415315627676	0.03542997714497697
gene-AUO97_RS16160	8.823262505391147	2.3552694610730853	0.9023613732267689	2.610117776485532	0.009051105507219463	0.043313114431716385
gene-AUO97_RS16195	30.558406731734568	-2.0348488659545634	0.5757390725195086	-3.5343247715493784	4.088184084636675e-4	0.003985088271050152
gene-AUO97_RS16245	68.22030661762332	1.800952497766468	0.3918041871828612	4.596562662373833	4.2951784059583884e-6	1.0206922596926046e-4
gene-AUO97_RS16270	17.754534646963407	1.5676885183162808	0.4576693022230926	3.4253739778948624	6.13953684211284e-4	0.005540327549801561
gene-AUO97_RS16320	61.54361713492392	1.7285718904483336	0.2856776695589007	6.050777063245184	1.4414881603049404e-9	1.0519587460770827e-7
gene-AUO97_RS16495	5.112078335132669	1.9242120052224443	0.6786614473149593	2.835304720542699	0.0045781994574405314	0.02543356134574662
gene-AUO97_RS16500	2.627257146905	2.5904037123582317	0.9930899018623295	2.6084282072554346	0.009095908970739863	0.0433217197307397
gene-AUO97_RS16505	1.5265071831909056	3.7909750090989727	1.4403399954024687	2.632000098032184	0.008488383838549962	0.041612519855853326
gene-AUO97_RS16540	6.932949922106153	2.1266186338189064	0.7372330505415101	2.88459481334548	0.003919177235302141	0.02271566444504544
gene-AUO97_RS16555	7.874992371846156	-1.904370245744229	0.7174756942712467	-2.65426447327743	0.007948150422472133	0.03938521385702604
gene-AUO97_RS16565	5.090866348977469	-1.7998681628185706	0.6849024967281762	-2.627918822630459	0.008590901407598982	0.0418594604245832
gene-AUO97_RS16570	16.759006773257838	1.574262122874588	0.4947926882569933	3.1816600370960266	0.0014643359498109443	0.010834061601020604
gene-AUO97_RS16575	15.927009637163147	1.961851543945131	0.5531455211968637	3.5467186640148367	3.9006089208199987e-4	0.003853801613770159
gene-AUO97_RS16595	9.285827365020774	2.0887223861815833	0.652397850158029	3.201608321786524	0.0013666268174621918	0.010269584458355246
gene-AUO97_RS16620	3.0262072173756356	-4.830261581615746	1.306031962499555	-3.6984252455593265	2.169412207654248e-4	0.0023978486773181553
gene-AUO97_RS16655	5.066333187427339	2.3129027279040497	0.7225078122469369	3.201214836295156	0.0013684945681278376	0.010269584458355246
gene-AUO97_RS16665	8.96124383598528	2.022595492322651	0.6282310178572588	3.2195091213758054	0.0012841027545036552	0.009848974229186366
gene-AUO97_RS16710	7.299571846992981	1.9353433500139183	0.6589492989604828	2.9370140511068072	0.0033138908839276176	0.020246830114418635
gene-AUO97_RS16980	9.00318258789758	3.264856208780728	0.6570022781489218	4.969322508255729	6.718723987140455e-7	1.9792497910741286e-5
gene-AUO97_RS17030	5.637773908788848	3.397694108132097	1.0796180576770524	3.147126045152214	0.0016488386687474365	0.01181790394050897
gene-AUO97_RS17050	20.176618300947016	-1.6263927704890018	0.43308371857736344	-3.7553773109539623	1.7308053246981267e-4	0.001970785779292796
gene-AUO97_RS17095	4.87075895667196	4.196095435496404	1.2311936384959068	3.4081523038265393	6.54043781812881e-4	0.005804973194146013
gene-AUO97_RS17100	20.930637369669675	1.5547145860481164	0.407718068493551	3.8132099266351442	1.3717350230447886e-4	0.0016313485774062282
gene-AUO97_RS17370	5.844587160717897	-3.287110647030573	0.9811284527907189	-3.350336683928312	8.07133895045609e-4	0.006802380412051052
gene-AUO97_RS17380	18.710573002552174	1.7694649287873792	0.5146940941440846	3.4378963134013176	5.862521350884483e-4	0.005378444587911451
gene-AUO97_RS17415	285.01319404518495	2.13739492682079	0.39472852505652994	5.4148479046825635	6.134082470435508e-8	2.591649843759002e-6
gene-AUO97_RS17485	429.8822051877014	-2.8967364408507987	0.4325392072762108	-6.697049405283164	2.126697380742715e-11	2.7315301158259433e-9
gene-AUO97_RS17640	7.864322398491574	-1.8266375870181748	0.712249964127243	-2.564601865942456	0.010329425379736568	0.04724755682953579
gene-AUO97_RS17645	4.761003702709601	-3.1486384096869293	1.0454958049905907	-3.011622231918249	0.002598557603318772	0.016654627673166823
gene-AUO97_RS17660	99.92052896777044	-2.571505409713447	0.33761767859868774	-7.616619545477326	2.604054150845374e-14	6.310277091654689e-12
gene-AUO97_RS17690	21.564019025994963	2.858011421491543	0.72649366862684694	3.9339798058990647	8.355080604859998e-5	0.0011465027274446774
gene-AUO97_RS17700	28.71130688603274	-2.4516552720223164	0.39399675156537745	-6.2225266129269174	4.892117660343172e-10	4.1338394229899806e-8
gene-AUO97_RS17725	3.8643471199274844	3.721096586430481	1.2122918960167186	3.069472458454151	0.002144371764065342	0.014447691445412955
gene-AUO97_RS17780	2.780284137174946	-2.740442796572377	1.0790884987167195	-2.539590404152564	0.011098235846436664	0.04991097381359682
gene-AUO97_RS17800	9.370379638381284	-2.808690700988331	1.0245024340943574	-2.7415168646926302	0.006115622120134489	0.03181789605047117
gene-AUO97_RS17820	3.3988613740573785	-3.1987136199109063	1.242771945121101	-2.573854062660877	0.010057268478250555	0.04646602745850724
gene-AUO97_RS17825	11.670085603540096	-2.270780644272251	0.6610344179032834	-3.435192756641744	5.921324850202676e-4	0.005401526731250226
gene-AUO97_RS17840	714.6258316491115	-1.7598552508198757	0.2080737189103504	-8.457844940898655	2.723639394223419e-17	1.2493722992644856e-14
gene-AUO97_RS17910	15.924312961772381	1.609313381917159	0.4895592599918867	3.287269822950197	0.001011638525646013	0.00822372482493506
gene-AUO97_RS17930	7.234859745089723	2.6096966212335215	0.6505314475857761	4.011637916842473	6.0298933855965e-5	8.761080389660797e-4
gene-AUO97_RS17970	10.074968012655395	-3.5410740944392125	1.1193592066912543	-3.163483244048507	0.0015589332544136139	0.011299626816979942
gene-AUO97_RS18240	4.214976716143243	3.072064633528021	0.9662386120207621	3.1794057858060527	0.001475773352833897	0.010868596871444135
gene-AUO97_RS18315	6.524730123420534	2.0599745489574306	0.7855543584815335	2.622319546338378	0.00873335034645566	0.0423443964290714
gene-AUO97_RS18405	38.524933625597086	1.6518620298960867	0.32310536343367646	5.112456235147464	3.179966744465473e-7	9.913469142212266e-6
gene-AUO97_RS18425	4.481516533908401	5.269155650212182	1.17432624027314	4.486960666898335	7.224640600998029e-6	1.630996843402859e-4
gene-AUO97_RS18490	8.665648741183446	-3.998068113626531	1.2174955853449754	-3.283846086796023	0.001024008295368486	0.008282344172363246
gene-AUO97_RS18555	5.178271621266716	3.2219214430443404	1.0337575002107924	3.1167091338030066	0.0018288191343073463	0.012710688831733525
gene-AUO97_RS18590	1.5218637025702515	3.9957129692868922	1.4972935182198708	2.6686237004734967	0.007616272691948321	0.03791604901371482
gene-AUO97_RS18595	15.688988228827315	1.5723108648654718	0.4566545163936456	3.44310810124586	5.750693961261938e-4	0.005290967997023519
gene-AUO97_RS18615	34.97250967330699	1.7101814806952895	0.35121559866709257	4.869320973173298	1.1198238537209907e-6	3.126742951563566e-5
gene-AUO97_RS18710	7.335701214364089	-2.482219966029644	0.5863296415232745	-4.233488792381157	2.3009365442560435e-5	4.1275459461486905e-4
gene-AUO97_RS18745	1.5601603372829023	-3.8311906979722843	1.4790819387271883	-2.590249125257512	0.009590649792299495	0.044824697150483504
gene-AUO97_RS18750	15.625413706553273	2.635983502271782	0.6317296114522608	4.172645154644584	3.0108366241477897e-5	5.061673507925944e-4
gene-AUO97_RS18755	44.68242638360874	-1.6549110470977453	0.3144630434703679	-5.2626567142338585	1.4198854456919301e-7	5.065835740129764e-6
gene-AUO97_RS18795	9.847575016971316	-1.6725299697695402	0.5730214551477555	-2.91879118093104	0.0035139152608328126	0.020933547129005865
gene-AUO97_RS18800	26.67138429161114	-2.919379221871821	0.5690541456752253	-5.130231005360236	2.8938682348024337e-7	9.292210901950614e-6
gene-AUO97_RS18820	6.4856277386485175	2.299603960357268	0.7674220011244146	2.9965311875186336	0.0027307030404562	0.017413153704428724
gene-AUO97_RS18940	7.914034269717244	2.031779763249043	0.7784242093817367	2.6101189284217967	0.009051075027874063	0.043313114431716385
gene-AUO97_RS18960	7.176131127158902	-2.611919197628243	0.6657324615961663	-3.923376653987822	8.731647880640234e-5	0.0011731096796960582
gene-AUO97_RS19010	13.00046547508214	-1.6708382718068069	0.5751022714587383	-2.9052889455100757	0.0036691420709767863	0.02169726554310582
gene-AUO97_RS19040	6.750591030364083	-1.7885727377412992	0.6099131202397203	-2.9325041196659587	0.0033624046156030636	0.020487061139850923
gene-AUO97_RS19075	27.358118813074665	1.5160873552905927	0.3631530827054476	4.174788615302178	2.982628709768813e-5	5.040709831738031e-4
gene-AUO97_RS19120	82.0845679547877	-1.8771822112196241	0.3639188325254373	-5.158244211196222	2.492763547337204e-7	8.251818299484291e-6
gene-AUO97_RS19140	10.081813135204175	1.9987319981573002	0.6036518765570051	3.311067315084462	9.294084820162628e-4	0.007671801120190797
gene-AUO97_RS19170	2.186544653267169	-4.090521373944701	1.2747759392105005	-3.2088159559067764	0.0013328277798019368	0.010069905884574163
gene-AUO97_RS19175	7.041303690764751	-2.5898743985763724	0.7710825735468033	-3.358751043566635	7.829556894271334e-4	0.0066686225961552405
gene-AUO97_RS19180	8.360585664378434	-1.5384268558955199	0.5749142852048633	-2.675923864628483	0.007452357230984641	0.03725339572033708
gene-AUO97_RS19190	18.85151712262498	-2.2606432931626403	0.5311273553522398	-4.256311166016667	2.0782741110291366e-5	3.832774714890142e-4
gene-AUO97_RS19220	4.920395240556498	-2.276804602118384	0.753473835896193	-3.021743415164932	0.00251323482554784	0.016336026366060963
gene-AUO97_RS19300	10.337638000059108	-1.6453087065349348	0.5622093117024236	-2.9265056132791227	0.0034279331976765233	0.020768100939130785
gene-AUO97_RS19350	61.6146331831057	-1.6682963970520743	0.3525308613298128	-4.732341420433224	2.2194468493570234e-6	5.656066534353494e-5
gene-AUO97_RS19470	11.160717650554398	-6.019386312009337	1.1342652772043627	-5.306859367894424	1.115301580003823e-7	4.314739004087079e-6
gene-AUO97_RS19485	68.45569873322447	-3.003049694830541	0.3251934528806543	-9.234656073880606	2.59117096616908e-20	1.6640499944737835e-17
gene-AUO97_RS19565	21.024260453783846	-1.7258106093805081	0.4147034291447743	-4.161553746829574	3.160895813872639e-5	5.258878993961162e-4
gene-AUO97_RS19610	11.537983277217123	-1.6251188983920388	0.5295251459836403	-3.0690117565110815	0.0021476813942426175	0.014447691445412955
gene-AUO97_RS19620	2.2047220424379645	-4.053918389239959	1.2979040300672104	-3.123434626387616	0.0017875357009669798	0.012538763324615815
