row	baseMean	log2FoldChange	lfcSE	stat	pvalue	padj
gene-AUO97_RS00135	100.24846175547857	1.780566418537904	0.34005558687918436	5.236103999580831	1.6400156493531135e-7	5.326406381176834e-5
gene-AUO97_RS00165	2.963762078192179	-3.887450397023992	1.2169400277763553	-3.1944469803719966	0.0014009901653223471	0.04707004888778415
gene-AUO97_RS00280	135.85899015239556	3.1412005850280513	0.5067223924718097	6.199056192691947	5.680275056661885e-10	5.862767903777933e-7
gene-AUO97_RS00765	6.267634087204898	2.5926738554001334	0.6904798159984872	3.7548872469949415	1.7341952929846849e-4	0.012069173431891034
gene-AUO97_RS01995	14.619328699279711	-1.6425243542701	0.5179236901520393	-3.171363630398772	0.0015172508695316116	0.04873543177627364
gene-AUO97_RS02140	11.211173416297736	-1.641232730710074	0.4811176682821519	-3.411291746092292	6.465587047891709e-4	0.03258432920859908
gene-AUO97_RS02210	8.340723629962074	-2.3378103040869354	0.6431099232195274	-3.635164409193725	2.7780341231348123e-4	0.01845498577709786
gene-AUO97_RS02945	23.749635534052036	-1.9477381386444717	0.48588780206894544	-4.008617072399969	6.107535888421628e-5	0.005578852313080131
gene-AUO97_RS03550	21.505060383354387	-1.8189299068277118	0.45262243635638644	-4.018647244865079	5.853322585166843e-5	0.005578852313080131
gene-AUO97_RS03760	96.4426975279045	-1.9616745531378608	0.35601037498906324	-5.5101611945947475	3.5850523626366437e-8	1.4970154365695584e-5
gene-AUO97_RS03800	15.827157807477892	-2.13814561099017	0.6340171183348828	-3.372378361968483	7.452199579158934e-4	0.03300421116648722
gene-AUO97_RS04650	28.613348555042105	2.3024438607869957	0.6899349363969289	3.3371898411336116	8.463012063249434e-4	0.035339120372683
gene-AUO97_RS05665	6.349428838923114	2.24262962106299	0.6572406459895632	3.4121894845477985	6.44433005628178e-4	0.03258432920859908
gene-AUO97_RS05965	21.47494886113673	2.968080196124218	0.7026735512681556	4.2239816637008065	2.400235869988302e-5	0.0030306372583771557
gene-AUO97_RS06400	50.81325344761275	-1.6670987491875402	0.3497674571748935	-4.766306055608668	1.8763417157293019e-6	5.484546835076749e-4
gene-AUO97_RS06520	6.5525169378986154	2.7451646126950466	0.8547766356362965	3.2115578482693827	0.0013201738832780978	0.04668835237975751
gene-AUO97_RS06990	262.3505516394446	-1.5916944691709503	0.25714051346577005	-6.189979352992281	6.017209617288333e-10	5.862767903777933e-7
gene-AUO97_RS07035	12.82671696165998	-1.552356663114706	0.44300192132991	-3.504175915207021	4.5802268586198904e-4	0.02625098648577635
gene-AUO97_RS07110	7.108517396345839	-4.931659252623883	1.1255617725012739	-4.381509192218326	1.1786007048482744e-5	0.0017225249301357532
gene-AUO97_RS07115	8.680484225740972	-3.5087350569803784	0.9780640073823776	-3.587428870193181	3.339547929940521e-4	0.021220649128730746
gene-AUO97_RS07170	28.970645593276505	-2.2156972023133212	0.4046848620697266	-5.4751175790992646	4.372212046963302e-8	1.5974969766592167e-5
gene-AUO97_RS08610	18.964132620733658	1.9099452496500193	0.5003530881801218	3.8171948865087435	1.3497755080636083e-4	0.010116394384794683
gene-AUO97_RS09005	14.847242553374695	-2.5299387427162743	0.5704393212300403	-4.435070740321615	9.204206006238056e-6	0.001415994429275465
gene-AUO97_RS09015	27.139649108861473	1.5883815737628	0.3472498531796344	4.5741749325985195	4.78100263806611e-6	8.701989205778161e-4
gene-AUO97_RS09565	42.00984528839376	-1.5395433290706544	0.3597814827209554	-4.279106632802211	1.876449545368955e-5	0.002611839057673074
gene-AUO97_RS10510	32.190699192936194	-1.8260524877924997	0.3937523644852467	-4.6375657710137235	3.525364470189601e-6	7.926646420280156e-4
gene-AUO97_RS10585	12.55540442352964	-2.8076926538116713	0.6607526920671754	-4.249233771606378	2.1450297488049212e-5	0.002849964525343993
gene-AUO97_RS10880	11.614303910346438	1.8939900512942962	0.5577746981123268	3.395618441826268	6.847374083542787e-4	0.03300421116648722
gene-AUO97_RS10935	19.531554963545577	1.8781132330178412	0.5260888557120547	3.5699544147838647	3.5704335469016524e-4	0.021742452619986523
gene-AUO97_RS12445	123.37295834140636	2.0341146837429176	0.34098371304458763	5.965430623007302	2.4398970227983323e-9	1.7829547494098813e-6
gene-AUO97_RS13025	23.59311722791277	1.8022664029798274	0.392981241691934	4.586138501726912	4.5151913294016645e-6	8.701989205778161e-4
gene-AUO97_RS13470	231.3953690716854	2.1131665949626983	0.6356839143939753	3.324241100197211	8.86595111723597e-4	0.03613030753280848
gene-AUO97_RS13540	20.737014050352997	1.7290434249703548	0.5342220198652309	3.2365633775383196	0.0012097835887560973	0.04407341561455109
gene-AUO97_RS13805	9.692363181887943	-4.3241973380752015	1.0888293081226128	-3.9714189412581966	7.144581085985282e-5	0.006328366822525752
gene-AUO97_RS14290	59.40487436691088	-2.7675410113194694	0.47529807225141246	-5.822748235039249	5.788772606883397e-9	3.384116465984034e-6
gene-AUO97_RS14925	4.8543978318052	-3.032198510830793	0.9154503191278527	-3.31224802425058	9.254945539471976e-4	0.0368543229554164
gene-AUO97_RS15150	25.078163240980086	-2.6089697303195356	0.6659729290057551	-3.9175312038801953	8.946046859373157e-5	0.0076909691088081576
gene-AUO97_RS15200	50.062450243660905	1.6360774411475685	0.42079857053750513	3.8880299404480687	1.0106116271869571e-4	0.008440050817907073
gene-AUO97_RS15275	7.1002404771325125	1.8876074508086764	0.5892329902900246	3.2034992641528484	0.0013576838700921617	0.04668835237975751
gene-AUO97_RS16060	7.921518762343547	-4.623821997103739	1.1497830082113718	-4.021473585956588	5.7835194265363566e-5	0.005578852313080131
gene-AUO97_RS16345	9.948315724250154	-3.501922577000556	1.082895316522419	-3.2338514384257717	0.001221329683468573	0.04407341561455109
gene-AUO97_RS17660	99.92052896777044	-1.8576380762775802	0.28706836222925586	-6.471065156229409	9.731445734866964e-11	2.8445015883016135e-7
gene-AUO97_RS17710	2.711469667033171	-4.6716904560848915	1.3619589843840878	-3.4301256569760414	6.033017906027897e-4	0.03258432920859908
gene-AUO97_RS18645	8.752804256423762	-2.1609952451460055	0.6681583283944965	-3.2342562433347424	0.0012195997865295993	0.04407341561455109
gene-AUO97_RS19135	8.223364622252229	-2.3311365146305425	0.7308266546915138	-3.189725634206006	0.0014240792256949052	0.04724930671974947
gene-AUO97_RS19220	4.920395240556498	-3.8426406291688826	1.205806176654768	-3.1867813447675357	0.001438654908675232	0.04724930671974947
