row	baseMean	log2FoldChange	lfcSE	stat	pvalue	padj
gene-AUO97_RS00020	38.393056615602404	-1.9018646495379656	0.4616062267674898	-4.120101808106526	3.787050253117222e-5	9.21228663845409e-4
gene-AUO97_RS00075	14.50790333110986	-1.890378545574045	0.672140798248988	-2.812474038919704	0.004916199185487384	0.03571474114162893
gene-AUO97_RS00110	14.796904048689104	-4.181446336989782	1.1080925155449275	-3.77355345183743	1.609387182669156e-4	0.0028551062119064417
gene-AUO97_RS00195	15.996468164282131	-2.0149144832606156	0.6792420582485827	-2.9664159614262515	0.0030129268965711593	0.025421823749634743
gene-AUO97_RS00230	10.092389157706526	-2.6167060522357812	0.9036164560667164	-2.8958149607255304	0.003781753187027434	0.030282317914077532
gene-AUO97_RS00235	26.02811920325641	-1.708445213938222	0.5404073104022912	-3.161402854943649	0.0015701118123650326	0.016159067402256793
gene-AUO97_RS00240	7.021087740916014	-3.0311840436357196	1.1134599413132973	-2.7223108179900177	0.0064827138660419606	0.043731080302228435
gene-AUO97_RS00250	22.40595736384591	-1.6112570145698368	0.48715730021121506	-3.3074676575127784	9.414358217919613e-4	0.0111961126806444
gene-AUO97_RS00275	136.45537837282495	1.8295390821559556	0.20230858979235566	9.043308957043038	1.51999513172764e-19	8.134507279962419e-17
gene-AUO97_RS00280	135.85899015239556	-3.6768537111936563	0.5970632605035644	-6.158231387562836	7.35618239043e-10	8.435964877025262e-8
gene-AUO97_RS00345	126.81069221182243	1.6194087915187259	0.23020476256142108	7.0346450416578605	1.99768901591212e-12	3.7732820177022454e-10
gene-AUO97_RS00355	288.27981551675083	3.4423220647053054	0.387853462249321	8.875316065871555	6.973509212870094e-19	2.798992260315734e-16
gene-AUO97_RS00380	13.001263528176645	2.3245283990332006	0.5207585771100623	4.463735214757512	8.054308916954438e-6	2.510911255567058e-4
gene-AUO97_RS00420	2.0737399564837173	4.629316533347906	1.4827596984127327	3.122094927656521	0.0017956902783823974	0.017810545786401028
gene-AUO97_RS00485	15.145045699917564	-3.323266201750025	0.8986581427088335	-3.6980315915601376	2.1727785252760416e-4	0.003627544192371457
gene-AUO97_RS00510	11.766139535579457	2.312216291111952	0.5033333068568981	4.593807442529001	4.352310154161925e-6	1.5190508592406455e-4
gene-AUO97_RS00515	6.1527105235011845	-4.564436419052881	1.12484847782446	-4.057823350466578	4.953221046846184e-5	0.001118707096459298
gene-AUO97_RS00545	14.580394344294763	3.6590193834251483	0.5838277314359144	6.267292878373304	3.673787878243658e-10	4.537128029630918e-8
gene-AUO97_RS00600	21.343300515609496	-2.3949848881862703	0.7983205429599592	-3.000029135297341	0.002699537828103523	0.023836594527357112
gene-AUO97_RS00605	41.508998734405075	-1.9805488243771767	0.358624425957947	-5.52262668413283	3.3396883500390395e-8	2.3830531759945236e-6
gene-AUO97_RS00655	12.157821587499464	-1.5156113771854969	0.5622166841855204	-2.6957780155193243	0.007022444841564019	0.04620711144725833
gene-AUO97_RS00660	5.521126470356075	-3.249199835094572	1.1515471529453385	-2.821595126855222	0.0047785463080049434	0.03519245916285292
gene-AUO97_RS00685	6.992999561058718	-4.305116279238333	1.1404040928735955	-3.7750796460141434	1.599565477307089e-4	0.0028551062119064417
gene-AUO97_RS00760	3.580318904279219	-3.690085142468073	1.2958307575774077	-2.8476597895907267	0.004404197831477493	0.03351156217268775
gene-AUO97_RS00770	10.209666922877865	1.8949471818542052	0.5361461048612891	3.5343858039301863	4.087240090526054e-4	0.005965512695763254
gene-AUO97_RS00775	2.7655537921214637	-3.6117074344443925	1.2728109600204098	-2.837583543738874	0.004545644913388915	0.03418282392714708
gene-AUO97_RS00850	20.97126769618322	1.5322078180595886	0.3398078040299085	4.50904246426527	6.51208747031532e-6	2.0500306732531857e-4
gene-AUO97_RS00855	8.224141676530332	1.7829498392911554	0.5666470580932164	3.1464909485118175	0.0016524237606750614	0.01679092625166969
gene-AUO97_RS00865	29.43269199565978	6.503202540579219	0.8166074215159208	7.963682877761393	1.6699290499944116e-15	4.1247247534861964e-13
gene-AUO97_RS00875	26.695197290009887	2.616997929905791	0.37840216864639153	6.915916838603845	4.648470460612101e-12	7.855915078434451e-10
gene-AUO97_RS00900	6.833950858056996	-2.8119681463441033	0.9428500423796619	-2.982412918227133	0.002859859937126912	0.02468551144654439
gene-AUO97_RS01130	19.343636570877827	-2.7641940607720037	0.6578905665038741	-4.2016016059651555	2.6503324581518608e-5	6.8081740185005e-4
gene-AUO97_RS01165	177.5620591593182	-2.479318597562438	0.353370843132154	-7.016194589193144	2.2799247491843597e-12	4.067132427572766e-10
gene-AUO97_RS01235	5.010220351132534	-3.191611160105048	1.1661702983947326	-2.7368311167746198	0.006203413063430367	0.04235928365903595
gene-AUO97_RS01240	30.294211653964553	-1.6535889472886178	0.5638662488172193	-2.932590753139117	0.0033614666315364564	0.02767607526631682
gene-AUO97_RS01245	5.170278732104322	-3.9486318008089674	1.2765425537866273	-3.093223793516387	0.001979947643955304	0.019096753882302194
gene-AUO97_RS01255	8.506343499893738	-2.856132204730897	0.9505125289433825	-3.0048338320230843	0.002657259773302717	0.023687982763253006
gene-AUO97_RS01260	5.714659731916371	-4.194983851046963	1.126614489176266	-3.72353088953628	1.9645581192761664e-4	0.0033915032908579407
gene-AUO97_RS01265	8.784553043236023	-3.9389247752365657	1.1142629104883084	-3.5350048342813394	4.077676983007788e-4	0.005965512695763254
gene-AUO97_RS01315	9.510218985540808	-2.443197024993651	0.9169000313383145	-2.664627485536827	0.007707364658097598	0.04959588760952181
gene-AUO97_RS01325	15.909528185152087	-2.826695024460006	0.7151945739988455	-3.9523440574432676	7.738936144753252e-5	0.0015750377331984183
gene-AUO97_RS01330	7.74401396775082	-4.216474462873001	1.1042331308160669	-3.8184640047495035	1.3428517309029684e-4	0.002495523012601492
gene-AUO97_RS01335	20.888469223769825	-2.5086749789429876	0.7116821065046435	-3.5249937521460213	4.2349277960771533e-4	0.006097916212198987
gene-AUO97_RS01420	109.63372720930832	-2.3060408703979904	0.34811661770998115	-6.6243343554462895	3.4881641802872544e-11	4.879910705590517e-9
gene-AUO97_RS01440	18.739023607157677	-2.345106462937543	0.5363313935413957	-4.372495235553539	1.2283449863252814e-5	3.585650682809526e-4
gene-AUO97_RS01600	9.9305439431832	-2.6430231232548596	0.9260747796837633	-2.854006157210545	0.004317169458918848	0.03307482312493217
gene-AUO97_RS01635	558.2535349258256	1.8383444192797154	0.20424637917324986	9.000621830952307	2.2444279575714487e-19	1.0295511673945603e-16
gene-AUO97_RS01645	33.74243548134503	-1.5720146119852698	0.4469748189875225	-3.517009337452527	4.3643842851459147e-4	0.006228461306490458
gene-AUO97_RS01710	47.63960424302485	-2.244857727938383	0.39937003938995125	-5.620996836336209	1.8985875017648135e-8	1.4869181629675161e-6
gene-AUO97_RS01765	10.734691719575578	-3.6911619810953327	1.1222112777451145	-3.2891863183838885	0.001004774859456932	0.011732116631695304
gene-AUO97_RS01920	23.17741926423089	-3.835269165305719	0.798342410927302	-4.804040362644549	1.5549546216044522e-6	6.657279053295862e-5
gene-AUO97_RS02000	28.951514462157945	-2.008526911396201	0.5260461007628332	-3.8181575882486034	1.3445203400188667e-4	0.002495523012601492
gene-AUO97_RS02015	20.21564828980567	-3.285749483426094	0.6795933670470139	-4.834875740037627	1.332288310891969e-6	5.86024351544399e-5
gene-AUO97_RS02030	3.441233253184074	-3.4719903388436375	1.2112782588046511	-2.8663854185494655	0.004151884269344295	0.03220217485232978
gene-AUO97_RS02055	11.597508487408094	-4.191190506255302	1.093090277018	-3.8342583356326805	1.2594372463787287e-4	0.0023788547047777046
gene-AUO97_RS02120	89.9403994236622	1.6488806562843539	0.3445899118038193	4.785052027939485	1.7094304635037944e-6	6.793266705398361e-5
gene-AUO97_RS02125	8.820358889728622	1.5355100663055539	0.5683331684660544	2.701778026522602	0.006896979036583142	0.04566226739478035
gene-AUO97_RS02210	8.340723629962074	-2.6742950801665626	0.8333724041169641	-3.2090036422555026	0.0013319580478156957	0.01402267964438098
gene-AUO97_RS02270	3.65999844975385	2.5921496121187753	0.7359238461459265	3.522306860545428	4.278086395943662e-4	0.006132560454185312
gene-AUO97_RS02295	7.877220660365359	-3.5669461787092964	1.0847838145848958	-3.2881631627903913	0.0010084337689506933	0.011732176927901
gene-AUO97_RS02305	277.9340911771256	1.6580879975495273	0.5574060858367166	2.9746499718613375	0.002933230357013774	0.0250943366954849
gene-AUO97_RS02330	6.464539287331821	-3.1401748305252775	1.1763888462529182	-2.6693340731064312	0.0076001814636951805	0.04930137915136409
gene-AUO97_RS02345	39.24742936251293	-2.345755851350916	0.4722303467516789	-4.967397515823831	6.78573985243774e-7	3.4585731216154895e-5
gene-AUO97_RS02360	24.832391880590578	-1.5817522672741886	0.4777717919541233	-3.3106857581622817	9.306765786126593e-4	0.011123365458647802
gene-AUO97_RS02430	8.158565723202095	-2.522107767047738	0.9102540129917883	-2.770773576441778	0.005592329959886999	0.03910006767553018
gene-AUO97_RS02460	9.281475381817307	-3.306820165790212	0.9597266969094095	-3.4455852655126766	5.698241659202956e-4	0.007687837801554913
gene-AUO97_RS02490	8.007658256239441	-3.3101274865724513	1.1692967801745466	-2.830870265526886	0.004642154606224813	0.0344919677520222
gene-AUO97_RS02515	40.630749280724814	1.5435842039643028	0.3415034436216813	4.51996673179756	6.184934983033464e-6	1.9663194287644013e-4
gene-AUO97_RS02525	17.59271753374826	-3.1552552361656026	0.9186661147891171	-3.4346050054212593	5.934181131364487e-4	0.007939439838671404
gene-AUO97_RS02550	2.5088653922878175	4.5682767976416265	1.3435630452164218	3.4001209053094836	6.735606289094292e-4	0.008827768079298684
gene-AUO97_RS02655	43.891776329019756	1.5632433607490648	0.33756466363294335	4.6309449097103474	3.640007222634022e-6	1.328188999077028e-4
gene-AUO97_RS02700	4.5638728335544005	-3.4245067485314227	1.1890169996019633	-2.880115885372383	0.003975290239014433	0.031157823827722825
gene-AUO97_RS02800	52.59325190265938	1.5009758968246525	0.2364122617438644	6.3489765114249925	2.1675212171326226e-10	2.7839642512851406e-8
gene-AUO97_RS02805	10.250968494176403	-2.193276437677146	0.7636772708954799	-2.8719938660808033	0.0040789088435116225	0.03186709561196063
gene-AUO97_RS02885	16.78066212731064	1.5493720258565666	0.4489493408911962	3.4511065831636003	5.582930456611532e-4	0.00756404628530786
gene-AUO97_RS02890	1.6906477151473294	4.410930281969074	1.527189160217176	2.8882671491341725	0.0038737071767475893	0.03065944850487095
gene-AUO97_RS02930	17.357782151418686	-2.082097619488669	0.5516055250336925	-3.774613423898342	1.602559814321808e-4	0.0028551062119064417
gene-AUO97_RS02935	8.536994577947572	-3.0690298382727716	1.139819856171913	-2.692556917353689	0.0070906431533049544	0.046560440010761164
gene-AUO97_RS02945	23.749635534052036	-1.8091438349662214	0.5150618400772581	-3.5124788796134734	4.439472878207964e-4	0.0063075873504096335
gene-AUO97_RS03070	3.763730055197548	-3.242092742300197	1.169629580813208	-2.7718970137930916	0.005573066545531623	0.03910006767553018
gene-AUO97_RS03140	74.00118223879355	-1.5168678026034244	0.29036217518089247	-5.224054412935955	1.7504730385063578e-7	9.86099811691915e-6
gene-AUO97_RS03220	5.451602637120593	-4.745287891578056	1.1813425635303036	-4.01686017085283	5.8978695201085084e-5	0.0012710106730918402
gene-AUO97_RS03320	5.184888984230173	-3.6288115062402593	1.1735189201781298	-3.092247976444588	0.001986468309854273	0.01909745432018584
gene-AUO97_RS03325	4.414402141381568	3.39352156733656	0.9253673129305576	3.667215731437037	2.452059111006906e-4	0.003976546366385441
gene-AUO97_RS03550	21.505060383354387	-6.465532069759347	1.072262907237482	-6.029801111386741	1.6416158145172647e-9	1.757076126804979e-7
gene-AUO97_RS03555	15.83298292460153	-3.2514631167630665	0.6280360111515846	-5.177192165782169	2.2525017508456749e-7	1.1665779228976552e-5
gene-AUO97_RS03570	17.03892933370535	-1.7396686363873233	0.6236648482388135	-2.789428715278771	0.005280111868355793	0.037676531576201
gene-AUO97_RS03655	16.783879998592955	-4.610622665909898	1.0751868009659424	-4.288206162657259	1.8012187507603306e-5	5.073432814641598e-4
gene-AUO97_RS03665	23.423028670649593	1.5929463194683442	0.3243013357623548	4.911932649687392	9.018303279976848e-7	4.387541186667524e-5
gene-AUO97_RS03680	7.737913813174382	-2.735799229755226	0.9699103902362125	-2.820672154145032	0.00479231518910678	0.035213098563436775
gene-AUO97_RS03730	64.2972721683736	-2.269329838510325	0.3903712068932398	-5.813261322654235	6.1267304181478465e-9	5.786156286080216e-7
gene-AUO97_RS03760	96.4426975279045	-2.0882913836601125	0.36481751657245026	-5.724208100751632	1.0391730965211445e-8	8.556078056157901e-7
gene-AUO97_RS03785	19.442750998678672	-1.5567081314778137	0.5837062189602624	-2.6669377178312903	0.007654585576812781	0.04936145081431111
gene-AUO97_RS03800	15.827157807477892	-2.6121803709370113	0.6442134751244151	-4.0548365903593195	5.016936215824943e-5	0.001118707096459298
gene-AUO97_RS03820	10.988715153329643	-2.7463051716367186	0.8283408977673624	-3.315428682851311	9.150268563122126e-4	0.011004311743889569
gene-AUO97_RS03830	10.279881846701269	-2.9138066856196194	0.8545793209202112	-3.409638654118183	6.504900283546536e-4	0.008595569880850999
gene-AUO97_RS03835	8.81832919971916	-3.230736323853097	1.1171249258984397	-2.892009880859834	0.003827859081588075	0.030575262465122658
gene-AUO97_RS03865	4.4818472390062976	-4.166127578889027	1.1499874338399427	-3.622759220053248	2.9147712069767484e-4	0.004587907032158009
gene-AUO97_RS03875	20.54725433031703	-1.948396588356363	0.4684403121094477	-4.159327320875694	3.1918622016648104e-5	7.945015139182717e-4
gene-AUO97_RS03915	11.09761391047079	-2.309878296401851	0.8383517026822289	-2.7552616509414944	0.005864521602605802	0.040496728744015546
gene-AUO97_RS04010	31.01295274156065	-2.2220013901973767	0.49867460570604777	-4.45581420183079	8.357539178259226e-6	2.537368867404278e-4
gene-AUO97_RS04090	6.60497146504949	-3.805078553869346	1.2193099773271179	-3.1206818812477537	0.001804328353885436	0.017810545786401028
gene-AUO97_RS04175	15.596444722149386	-1.5497649165056413	0.5360397343590054	-2.8911381324349867	0.003838493647609163	0.030584126805143975
gene-AUO97_RS04260	3.367198413022213	-4.212847255119815	1.2458436848964773	-3.3815215393333067	7.208558116052153e-4	0.009275336578963438
gene-AUO97_RS04270	22.207612218931718	-1.927122918845441	0.48251348130773863	-3.9939255450903266	6.498827859450769e-5	0.001363904330503034
gene-AUO97_RS04285	3.117651861131481	3.891589028115171	1.3474877194646153	2.8880330201906252	0.003876591744932297	0.03065944850487095
gene-AUO97_RS04295	4.436915323301609	3.471133767168438	1.1366747077387362	3.053761769780027	0.0022599146365516057	0.020972791612621982
gene-AUO97_RS04340	5.242873681314159	3.004387598084662	1.0703011039011314	2.8070489576568645	0.004999764239746885	0.036158204896007316
gene-AUO97_RS04370	1.734198209794309	4.212542892811941	1.544128164037327	2.7281044351899464	0.0063699437427607005	0.04315166531224601
gene-AUO97_RS04390	9.950535943635355	4.074308542262614	0.7756757859556361	5.252592147430575	1.499733893423092e-7	8.755719148693724e-6
gene-AUO97_RS04505	9.167367339658842	2.2682647757401093	0.5394853557353437	4.204497400394415	2.6166294579604975e-5	6.775804185089642e-4
gene-AUO97_RS04520	26.319277360744685	1.557109380257675	0.3891456211179788	4.001353981021928	6.298105622039012e-5	0.0013392859041302825
gene-AUO97_RS04550	2.395769533104064	-3.337570658727261	1.2405912895781785	-2.6903063779063694	0.007138644690194753	0.04677997571472521
gene-AUO97_RS04585	7.728476237052782	-4.156960248062812	1.16039472297663	-3.582367418389692	3.404944360427956e-4	0.005256382856410657
gene-AUO97_RS04600	11.418686157769004	1.6216679958128204	0.593862259663881	2.73071401562151	0.006319728538690596	0.04290200494235836
gene-AUO97_RS04695	23.7269330605804	-2.633277967049731	0.5509041205388129	-4.779920622982903	1.7536441755262318e-6	6.867013960505769e-5
gene-AUO97_RS04700	47.65966285893568	-1.9980291691636973	0.3722228020195416	-5.367831197667469	7.9689082680414e-8	4.883060387687877e-6
gene-AUO97_RS04720	17.33785980907637	-2.1543726029960912	0.6433978593756053	-3.3484298581391503	8.12708499112141e-4	0.010154112804082042
gene-AUO97_RS04730	18.43596001342852	-2.062307967349445	0.7210557392248549	-2.860122810431348	0.0042347697876376905	0.03253073155048953
gene-AUO97_RS04775	109.76699820910329	1.8873711657591132	0.24140385282221888	7.818314180548982	5.3535438278852445e-15	1.1460152820893013e-12
gene-AUO97_RS04920	9.559781008954145	-4.2966632814626164	1.1192302789699753	-3.8389448196637646	1.2356419395445162e-4	0.0023616942070699056
gene-AUO97_RS05080	9.55290286091974	-3.4239188293714413	1.1208361842135464	-3.0547896986158523	0.002252183853934919	0.020961630014449346
gene-AUO97_RS05110	95.48390665425725	1.6038336007969254	0.2599867724131993	6.168904617377758	6.876469104973781e-10	8.1779045541003e-8
gene-AUO97_RS05230	26.689965029313193	-1.8956210944910823	0.5125715519193881	-3.6982565407555157	2.1708542804772766e-4	0.003627544192371457
gene-AUO97_RS05290	3.8075108070455914	-3.661750688377166	1.2272250675838174	-2.9837645800264543	0.0028472575017023244	0.02468551144654439
gene-AUO97_RS05335	8.420084565789177	-3.845202515138795	1.1002072145478405	-3.494980276710041	4.740967881478882e-4	0.006676863099749426
gene-AUO97_RS05345	10.998305344952895	-4.973198252383243	1.0892621876031123	-4.565657661656843	4.979307946236413e-6	1.631485491363788e-4
gene-AUO97_RS05420	15.363840060830286	-2.302295203411253	0.5825970791602156	-3.9517795158360487	7.757219606690306e-5	0.0015750377331984183
gene-AUO97_RS05485	15.705366533812905	1.9029517589703226	0.5122199409011408	3.7151067481334064	2.0311792821820483e-4	0.0034692109973864663
gene-AUO97_RS05535	18.76288985229494	2.429869546777193	0.4404896548141146	5.51629197240192	3.46226877272478e-8	2.4168141367867974e-6
gene-AUO97_RS05555	2.8799833211184955	-3.3172125249373177	1.2063608647082789	-2.749768018825348	0.005963746886753578	0.04109354346215824
gene-AUO97_RS05565	12.351856320844231	-2.26882926277114	0.689486156443239	-3.2906088709236014	9.997080846415763e-4	0.011715557152496722
gene-AUO97_RS05705	44.381567851539714	-1.809809084369938	0.37719856529853635	-4.798027487028092	1.6023579361980242e-6	6.682040692379035e-5
gene-AUO97_RS05740	8.65132015661767	1.9379253927031221	0.5241679044780474	3.697146231478742	2.18036757747646e-4	0.003627544192371457
gene-AUO97_RS05835	9.315952199962526	-3.4111598910020784	1.1568802230693123	-2.9485851888382615	0.003192321430938828	0.02655581376876833
gene-AUO97_RS05975	385.7422220480694	2.137168581945426	0.27072892730938747	7.894127174312193	2.923539441053776e-15	6.705346532302625e-13
gene-AUO97_RS06095	25.62914829973052	1.5438716430523118	0.47118199647852843	3.2765930247563384	0.0010506769497428872	0.012062720020023386
gene-AUO97_RS06205	2.886478803539936	-3.5226568870010464	1.2314386786193705	-2.8606027633876816	0.00422836491422467	0.03253073155048953
gene-AUO97_RS06265	18.24401365433912	-2.181518643008963	0.5659391071784601	-3.854687925499828	1.1587734567090599e-4	0.0022280368679597554
gene-AUO97_RS06385	40.57570248079311	-1.5753869377527008	0.3428165844121442	-4.595422186047815	4.318739413414801e-6	1.5190508592406455e-4
gene-AUO97_RS06390	19.64943602560181	-1.7679382355168483	0.5220302939497515	-3.3866583146744023	7.074944294473054e-4	0.009160341181271361
gene-AUO97_RS06395	15.00211823314707	-2.1706970798624736	0.6366115071190441	-3.409767268715991	6.501833660645856e-4	0.008595569880850999
gene-AUO97_RS06400	50.81325344761275	-1.9798269052938593	0.3804577971896276	-5.203801630347649	1.9525242639136497e-7	1.0773652090329581e-5
gene-AUO97_RS06415	5.697110036204045	-3.809931163834924	1.1374743438365869	-3.3494655808977707	8.09676147374782e-4	0.010154112804082042
gene-AUO97_RS06425	32.239920840689045	2.0081581966847173	0.35892869058203264	5.594866750351782	2.2079127571051997e-8	1.6487460146662317e-6
gene-AUO97_RS06440	11.171540724258929	2.406145213245732	0.7688283022631334	3.1296262197462954	0.001750288598263962	0.017563052153204944
gene-AUO97_RS06450	4.565865537099918	2.5040764566568114	0.8175636395965763	3.062852034237284	0.002192384353565109	0.02052404128075092
gene-AUO97_RS06515	5.641980916499802	-3.9598525753533442	1.2196462144005096	-3.246722310616709	0.001167422336895551	0.012970910462877558
gene-AUO97_RS06540	6.156473805085636	-3.3895778618547	1.1983696696677315	-2.828491030480201	0.004676801162035262	0.03460186297533463
gene-AUO97_RS06565	7.615995146166559	-4.1610317683361835	1.0962171542914732	-3.795809755436291	1.4716232142366974e-4	0.0026547090679292337
gene-AUO97_RS06595	24.50692218021806	-2.640458900299764	0.5780502331298449	-4.567871006647702	4.927030765654142e-6	1.630999565826335e-4
gene-AUO97_RS06780	22.28637035539103	1.9397278405376719	0.4130149282183811	4.696507820928069	2.6464710679013156e-6	9.99743364591897e-5
gene-AUO97_RS06820	11.096601505647627	-3.9278025627273134	1.042537905809689	-3.7675393295908775	1.6486457347252264e-4	0.0029086821176937923
gene-AUO97_RS06900	13.081003094721392	-2.129642333509121	0.7371616006926274	-2.888976218387036	0.0038649830324906714	0.03065944850487095
gene-AUO97_RS06905	39.95684819893347	-3.4876968268973374	0.5806050014645536	-6.007004448979525	1.8898233275783305e-9	1.9126070751802765e-7
gene-AUO97_RS06930	21.184696789071083	-2.382170746974883	0.6167223709423649	-3.8626306734015103	1.1217252839299313e-4	0.002169795112469283
gene-AUO97_RS06945	31.365670939423694	-2.0494414677898756	0.47965145104539114	-4.272772371110642	1.9305751283416313e-5	5.390501510526068e-4
gene-AUO97_RS06950	8.427405439983692	-3.295464294024098	1.1080539337118196	-2.97410098350066	0.002938483524603651	0.0250943366954849
gene-AUO97_RS06980	34.59928108768501	1.5902254640843598	0.27498775001373765	5.782895652642405	7.34256120338562e-9	6.549156673353118e-7
gene-AUO97_RS07110	7.108517396345839	-2.79287383633601	0.9418667394168654	-2.965253702519692	0.0030243340617752946	0.025421823749634743
gene-AUO97_RS07115	8.680484225740972	-4.827169367812723	1.1357822541574	-4.250083455823884	2.1369088165962647e-5	5.766062361420677e-4
gene-AUO97_RS07170	28.970645593276505	-2.2109374892503517	0.519565063436216	-4.255362118900005	2.087109500239333e-5	5.707121134621056e-4
gene-AUO97_RS07290	10.776969038608057	-1.939140507146743	0.6826889612021777	-2.8404450889787687	0.004505062818227787	0.03403707461018689
gene-AUO97_RS07330	31.11733339881449	-1.5051832407894234	0.4510515484071489	-3.3370537050695273	8.467158534787211e-4	0.010416875883219056
gene-AUO97_RS07350	60.33329042426822	-1.7581692214925009	0.36718978021562765	-4.788175805056551	1.6830417973540453e-6	6.793266705398361e-5
gene-AUO97_RS07425	35.783766913803525	-1.9374188864270676	0.36106915831516573	-5.3657833736548515	8.059862988086498e-8	4.883060387687877e-6
gene-AUO97_RS07430	9.992934939670661	-1.9228277890892536	0.6787569197855187	-2.8328665727589937	0.00461326375985872	0.03436935019235812
gene-AUO97_RS07540	148.7792265557368	2.629998502222019	0.25052616009151996	10.497899705409015	8.832340110902603e-26	1.418032204805413e-22
gene-AUO97_RS07545	24.511313946631237	1.5561605493704607	0.34928027889471036	4.455334707974054	8.376241044685564e-6	2.537368867404278e-4
gene-AUO97_RS08000	14.730922290189651	-2.3594019850819823	0.7561240615834202	-3.1203900324783924	0.0018061172023631222	0.017810545786401028
gene-AUO97_RS08020	4.324586182977393	-3.6117163481046157	1.1752496358902285	-3.0731482383049724	0.0021181324096610243	0.020003891668886907
gene-AUO97_RS08115	22.595588377151987	-2.157082741399455	0.7262237602619276	-2.970272882040459	0.0029753532257283384	0.02533453137369612
gene-AUO97_RS08150	7.299711044399661	-3.7291626405504372	1.1784406338350613	-3.164489184673162	0.001553554359360343	0.016040074109022705
gene-AUO97_RS08225	20.77590331560957	-1.9295689083120338	0.57989974521688	-3.327418099813759	8.765475084276162e-4	0.010701878515441353
gene-AUO97_RS08240	7.800440959991321	-3.162796001919141	1.162509828094274	-2.7206617316121764	0.006515139273764897	0.04385767758502952
gene-AUO97_RS08250	52.195653785290745	-2.6115783271076283	0.3934738138773917	-6.637235401696664	3.196209967999288e-11	4.879910705590517e-9
gene-AUO97_RS08305	223.8165930201929	-1.567114343111095	0.28943716524412416	-5.41435078591003	6.151147312806823e-8	4.114861254463064e-6
gene-AUO97_RS08310	5.365588190489089	-4.1200295381217344	1.1367558833041562	-3.6243749415628566	2.896611363458449e-4	0.004581782802002502
gene-AUO97_RS08315	5.697430758371276	-3.836285615047607	1.126680943946409	-3.404944084356575	6.617760270335585e-4	0.008708864027888346
gene-AUO97_RS08320	12.284806666970397	-2.822675494998483	0.7994515135861667	-3.530765089600707	4.1435957111831225e-4	0.006020400827424889
gene-AUO97_RS08550	109.67137509276891	-3.191069059198226	0.39263626396955636	-8.127290706509092	4.3899168872803713e-16	1.1746685937547726e-13
gene-AUO97_RS08585	6.4811614339817085	-3.6500476679047824	1.1357602224468673	-3.2137484618374526	0.0013101439162422465	0.013976319319115792
gene-AUO97_RS08675	26.772229349162565	-1.9752133627470168	0.44417942535319177	-4.446881710417845	8.712578230778995e-6	2.614587728881435e-4
gene-AUO97_RS08695	25.255994073872856	-2.865235016420711	0.6270834793829906	-4.569144476968069	4.897191213583552e-6	1.630999565826335e-4
gene-AUO97_RS08740	8.636526846582854	-2.976915513873621	0.9380267134049549	-3.1735935355909834	0.0015056437960578907	0.015646026631527143
gene-AUO97_RS08860	17.660909267642168	2.7734946334089523	0.604764246666872	4.586075729005029	4.5165483550846966e-6	1.5428336987422298e-4
gene-AUO97_RS08900	9.731845848149627	-2.213854812087176	0.7614221476890979	-2.907526158526101	0.0036429987446079583	0.029539568103374124
gene-AUO97_RS08925	22.37880155457228	-2.018686729158833	0.5397164085321623	-3.740273034590419	1.838204679330996e-4	0.003207866970289037
gene-AUO97_RS09000	3.8561075960617743	-3.367437036635404	1.1951381909662486	-2.8176131112611245	0.00483820697421953	0.03530791498686116
gene-AUO97_RS09005	14.847242553374695	-2.531678386359222	0.8446374257239369	-2.9973552074007683	0.00272333192336702	0.023892401109102464
gene-AUO97_RS09080	17.490980725100428	-1.6931039623452413	0.6012886074153894	-2.815792518709058	0.004865707896350015	0.035428090828072335
gene-AUO97_RS09195	678.4378406092337	3.0241438211554095	0.2350479308679952	12.86607293239179	6.986499380402481e-38	2.243364951047237e-34
gene-AUO97_RS09315	29.830173292136454	-1.7570345104363494	0.6124104446698632	-2.8690472635285107	0.004117102720652482	0.032087419504891065
gene-AUO97_RS09325	9.110145069125203	-4.012228092573471	1.1136861465460672	-3.6026560131117753	3.149822353759175e-4	0.004909747367922675
gene-AUO97_RS09330	25.465477438981154	-2.37883773160213	0.5761087692730527	-4.129146887668108	3.6411173999768675e-5	8.924906848340246e-4
gene-AUO97_RS09375	5.762901965440883	-3.92266679748871	1.1633714014394243	-3.371809546491555	7.467606874951446e-4	0.009477662322319799
gene-AUO97_RS09415	7.163305560632942	-3.8552830023934597	1.1402696527939984	-3.381027455169814	7.221532683714916e-4	0.009275336578963438
gene-AUO97_RS09570	21.526583058757865	-1.5186642954392768	0.5270845166242037	-2.8812538550094446	0.0039609647941984405	0.031157823827722825
gene-AUO97_RS09575	16.018100811458556	-2.6045818866309127	0.6966651247650341	-3.738642561602845	1.8501656427029873e-4	0.003211287502010428
gene-AUO97_RS09735	4.407924420837641	-3.3091724874324737	1.142455853605946	-2.896542984122928	0.003772989509049588	0.030282317914077532
gene-AUO97_RS09745	13.00780886842819	-3.4241397755941896	1.13979912891789	-3.004160723341684	0.002663145991134953	0.023687982763253006
gene-AUO97_RS09775	33.07517761752795	-2.437448403162508	0.4317525026142019	-5.645476027131503	1.6472482436516568e-8	1.3223285275913676e-6
gene-AUO97_RS09805	24.592901820520748	-1.587098484880608	0.45220865753028017	-3.5096596636351105	4.486805885466655e-4	0.0063467549331424795
gene-AUO97_RS09865	6.103947086187574	-3.756570430098368	1.1505502697147219	-3.265020685302005	0.0010945608282370305	0.01233205199813721
gene-AUO97_RS10030	5.534352301566104	-4.2718608215633624	1.1201293045695266	-3.813721151778158	1.3688991658169272e-4	0.0025261696674931918
gene-AUO97_RS10095	1.9480334277168077	3.841873007611429	1.3727228994874652	2.7987243521950953	0.005130491420993487	0.03693723756235445
gene-AUO97_RS10100	15.84579569999425	2.5297029437713703	0.4144752384600182	6.103387389727974	1.0384374012385646e-9	1.1498008604748382e-7
gene-AUO97_RS10140	15.379211386339504	1.8846704769790035	0.47129046404389396	3.998957375049866	6.362213581984641e-5	0.0013440176191942554
gene-AUO97_RS10175	16.297181730917735	-3.962049878742644	1.0422364681108982	-3.801488433737156	1.438294540347536e-4	0.002624070323327238
gene-AUO97_RS10200	7.8537090290360885	-3.656550058738615	1.130417730924949	-3.234689229216789	0.0012177519659068274	0.013345397824323627
gene-AUO97_RS10245	5.2915982189710045	-4.096733954757652	1.1782731450194583	-3.476896653441081	5.072532994207672e-4	0.006976852149266644
gene-AUO97_RS10255	17.2386786820109	-2.056215569741634	0.5913938014146539	-3.476897398692762	5.072518895131665e-4	0.006976852149266644
gene-AUO97_RS10325	21.015707485192497	-2.1894762507842698	0.4621081204454295	-4.738017260276268	2.1581943405048653e-6	8.249954794477526e-5
gene-AUO97_RS10340	10.278932784180927	-3.3975763482921946	1.1259471708528692	-3.017527319437766	0.0025484606893520093	0.02285784154611537
gene-AUO97_RS10455	3.5416976531958873	-3.3883319908170813	1.2015932199234831	-2.819866103299791	0.004804369190616878	0.0352147770958742
gene-AUO97_RS10495	3.1894259103114404	-3.529415844096288	1.2678255017427358	-2.7838340838268363	0.005372050650079647	0.037994834003096355
gene-AUO97_RS10500	34.31860508032164	-3.009602330571107	0.6904414441085	-4.35895376248324	1.3068571799636925e-5	3.780467031408484e-4
gene-AUO97_RS10585	12.55540442352964	-5.306340379343706	1.1159766826206219	-4.754884633326703	1.9855977069819386e-6	7.681631610986753e-5
gene-AUO97_RS10620	210.63116545130245	1.7886828310179534	0.1902266245919675	9.40290474508836	5.3077130166484244e-21	4.260766624114523e-18
gene-AUO97_RS10660	4.033951137173403	-3.4987430755364515	1.2059410114848326	-2.901255569066826	0.003716706153820244	0.029985787587730666
gene-AUO97_RS10665	3.3006975761678037	-3.8498466961359465	1.2207832582646871	-3.153587395692506	0.0016127692970351185	0.0165450549929066
gene-AUO97_RS10900	19.934020646806353	-1.801482244478767	0.5655145639441589	-3.185562953347126	0.001444726674613126	0.015061744649943986
gene-AUO97_RS10920	16.6537616096704	2.0132979826196222	0.5020972856178817	4.009776671351758	6.0776203090994104e-5	0.001301015920834547
gene-AUO97_RS10940	442.97801282281034	1.5563665073464241	0.22585074801859772	6.891128415559929	5.535154255085447e-12	8.886690156539685e-10
gene-AUO97_RS10950	18.44550436320227	-2.079114803753957	0.566021214330585	-3.673210033678435	2.395224483488676e-4	0.00392401317167456
gene-AUO97_RS11095	5.322249624462378	-4.029910411076184	1.1290228783640979	-3.569378874691484	3.578286132209695e-4	0.0054300281606070155
gene-AUO97_RS11155	13.463191305250405	-2.1422007826377807	0.6256239612103578	-3.4241028404560963	6.168327336501778e-4	0.008218464347513365
gene-AUO97_RS11505	9.588009526020556	-3.106019522623814	1.0776662496474214	-2.882172030199522	0.003949440442063415	0.031157823827722825
gene-AUO97_RS11535	11.103115911832468	2.011579245046539	0.5703134396720305	3.5271468373660197	4.2006373366205676e-4	0.006075786706256145
gene-AUO97_RS11565	26.545881207778734	-1.8048969321975625	0.49621764123271234	-3.6373090801725767	2.7550126203967765e-4	0.004401166927409975
gene-AUO97_RS11665	102.30826217725716	1.9056935248697402	0.25748062427272056	7.40130846836557	1.3484907317906535e-13	2.7062523373623676e-11
gene-AUO97_RS11770	21.96807969942212	-1.7937607267589548	0.5004595407203551	-3.584227256766927	3.380776337059166e-4	0.005244286385650716
gene-AUO97_RS11875	34.18288153250897	2.4298322125854908	0.446231590866553	5.445226788777803	5.173942167707848e-8	3.5347932554276384e-6
gene-AUO97_RS12000	6.8076190032980755	-3.943969499322694	1.1403743003094673	-3.4584868303787673	5.432188296097253e-4	0.0073909985672746936
gene-AUO97_RS12035	13.174416618227884	-1.803308692619561	0.6461627417820389	-2.790796460418397	0.005257852480869009	0.03760125682866456
gene-AUO97_RS12040	16.348212189044347	-1.6974338150819763	0.5562291723476372	-3.051680673125678	0.0022756405044300535	0.021033002232876966
gene-AUO97_RS12100	18.908583922623226	-4.078362484140509	1.0356888323993187	-3.937826069527475	8.222315788055169e-5	0.0016398668320152265
gene-AUO97_RS12125	82.64617802692177	3.0378792015797575	0.3262764905301459	9.310751125965897	1.2693148601734232e-20	8.151540032033724e-18
gene-AUO97_RS12210	18.356002681163712	-1.5606329745793104	0.5216217842322575	-2.9918861170192663	0.0027725967175266054	0.0241268511110513
gene-AUO97_RS12245	47.98839822561798	-1.6777153870165051	0.4374206313015532	-3.835473836760813	1.253224473239984e-4	0.0023788547047777046
gene-AUO97_RS12320	14.840742336231106	-2.322682477609008	0.7222224177374504	-3.2160210214540483	0.001299813105494346	0.013976319319115792
gene-AUO97_RS12325	8.460795493925938	-4.469659625427	1.1058583693391202	-4.041801146830534	5.304220512434614e-5	0.0011746104872708653
gene-AUO97_RS12350	10.635820669390473	-3.3571815190686705	1.0890635546178447	-3.0826314082714066	0.0020517911885910038	0.019492016291614536
gene-AUO97_RS12395	69.94501160201274	-2.2950811251803263	0.6009085795265647	-3.8193515675688006	1.3380294590886846e-4	0.002495523012601492
gene-AUO97_RS12425	11.661492966871624	-2.5234815340334276	0.8357678866387463	-3.0193568984592742	0.0025331192967753624	0.02278388252645851
gene-AUO97_RS12475	8.058819525016402	-3.628908713487923	1.1297290304577783	-3.2121939116829195	0.0013172543208974626	0.014005641140403154
gene-AUO97_RS12525	37.76135709130556	1.7786344457436614	0.3170163588981096	5.6105446795423015	2.016907894307901e-8	1.5419741068149214e-6
gene-AUO97_RS12555	12.44542322642316	1.958009369433122	0.48466970939066034	4.039883928159619	5.347766073919852e-5	0.0011761422509148386
gene-AUO97_RS12620	22.06352500669742	-1.8491982369343851	0.5729018498886408	-3.2277749448598003	0.0012475708474101463	0.01357949149503044
gene-AUO97_RS12660	19.92225558442308	-2.3913267965525407	0.573675882583365	-4.168428321901853	3.067071786557498e-5	7.694037114559473e-4
gene-AUO97_RS12685	11.559428310978479	-4.870000330262287	1.1120399316836165	-4.379339438727851	1.1903959046299271e-5	3.506753440152932e-4
gene-AUO97_RS12775	14.191996216859094	-1.9905662307272016	0.7005225914595491	-2.8415446625066405	0.004489556295706034	0.03399991807903791
gene-AUO97_RS12940	6.6844791327333	-2.7065747394575688	1.011527797208085	-2.675729472712444	0.0074566807116337955	0.0485667378601544
gene-AUO97_RS13135	7.277858904241235	2.1055915021050273	0.6309731465750503	3.3370540624973812	8.467147645679864e-4	0.010416875883219056
gene-AUO97_RS13235	11.949885384810683	-3.4087838116482967	1.1216021904542588	-3.039209303137781	0.0023719999649643767	0.021637761044035836
gene-AUO97_RS13250	13.277645658650728	-3.983635710773344	1.04916325641227	-3.796964568122437	1.4647871635637858e-4	0.0026547090679292337
gene-AUO97_RS13300	10.812934472963873	1.9494839061420308	0.53207284529575	3.66394173913991	2.4836330153557985e-4	0.003987472806153735
gene-AUO97_RS13355	33.94253471389946	-2.4268567375825065	0.602537762376059	-4.027725545387218	5.631903131492074e-5	0.0012218946591365575
gene-AUO97_RS13370	129.31689677695294	1.6703701880699962	0.202278015216961	8.257794037964912	1.4838931566195784e-16	4.331619023550424e-14
gene-AUO97_RS13410	45.39588139798121	2.066671492063544	0.3591569536745606	5.754229372198644	8.703791410498306e-9	7.553479518678395e-7
gene-AUO97_RS13455	7.569401315341831	-3.1630818960970823	1.1203325830013562	-2.8233418755198816	0.004752586311794731	0.035081734821087084
gene-AUO97_RS13540	20.737014050352997	-2.432035082487653	0.7066158273994367	-3.441806690685502	5.778430261860918e-4	0.007763405678173811
gene-AUO97_RS13640	5.883259984530043	1.9221279757100536	0.6708008742616489	2.865422585839265	0.0041645308355287665	0.03222243015152498
gene-AUO97_RS13690	12.204992393655624	-3.2865458728346653	1.043924837603493	-3.148259103001601	0.0016424603778839397	0.016742667534556603
gene-AUO97_RS13700	5.504408559797187	-3.3703082141015996	1.1300469972366702	-2.982449599302588	0.0028595172640764124	0.02468551144654439
gene-AUO97_RS13855	4.5903535490428045	-4.532187482960786	1.153904438392332	-3.9276974177127006	8.576301554564284e-5	0.0016999076723275258
gene-AUO97_RS13985	23.739697015592682	-1.9341531582032183	0.4723603303492111	-4.0946562061494856	4.227952851035246e-5	9.900331336471237e-4
gene-AUO97_RS14020	14.378321653195412	-1.9628956858244924	0.66983154806618606	-2.9304318249736108	0.0033849125883110244	0.027797837138278002
gene-AUO97_RS14025	9.087412259426795	-4.432733514400603	1.1208519235068088	-3.95478958588206	7.660203829721762e-5	0.0015750377331984183
gene-AUO97_RS14035	7.551862595651672	-3.999653170378456	1.1189528529779043	-3.5744608539439833	3.5095031256625456e-4	0.005385884671612227
gene-AUO97_RS14245	16.736139215749624	-1.982666615816139	0.6136218666456734	-3.2310885963928655	0.0012331970888305145	0.013468693374948238
gene-AUO97_RS14390	18.967068833781276	-3.132294028398275	0.9229385343824994	-3.393827337043594	6.892313321267459e-4	0.008960007317647697
gene-AUO97_RS14425	54.156944472723325	1.7870328933403685	0.38954130883417	4.5875311624552735	4.485184948770228e-6	1.5428336987422298e-4
gene-AUO97_RS14540	1.9209696062562054	-3.577572601288799	1.3172865110126715	-2.7158652057694876	0.006610282536201385	0.04431235328547525
gene-AUO97_RS14570	78.55315276521546	2.2519654916676726	0.2589501304152592	8.696521944423669	3.4221150920583594e-18	1.0988411560599393e-15
gene-AUO97_RS14575	17.526869396498558	1.9069541433803052	0.6162296530818707	3.094551087964201	0.0019711098488049425	0.019096753882302194
gene-AUO97_RS14615	34.549740249992134	1.7781549945493613	0.34207654526527775	5.198120184388602	2.0131395995632975e-7	1.0773652090329581e-5
gene-AUO97_RS14725	20.621386857087217	1.918354432355008	0.41672270828660646	4.603431476634661	4.15585974815976e-6	1.4827184057045545e-4
gene-AUO97_RS14740	5.363098555338587	-3.133419217940247	1.1595610077401817	-2.70224610609047	0.006887276256995166	0.04566226739478035
gene-AUO97_RS14745	33.93924023631259	-1.839921391840427	0.4690538106035737	-3.9226232689013543	8.759005397347203e-5	0.0017254703270479673
gene-AUO97_RS14760	18.761449836956274	-1.6848402561008768	0.5101742011853778	-3.3024803139519596	9.583381453756004e-4	0.011355069316609052
gene-AUO97_RS14800	3.6959305061542986	-3.2425720468962806	1.2158604344343833	-2.6668949453929067	0.007655559796177805	0.04936145081431111
gene-AUO97_RS15055	11.15309494859421	-2.166678719374463	0.6970521276405408	-3.1083453208994243	0.0018813809958112306	0.018418031638871527
gene-AUO97_RS15170	61.0886302817567	1.6257975289565536	0.28041109098685413	5.797907362490067	6.714752417427766e-9	6.160305717817303e-7
gene-AUO97_RS15175	8.95091783615315	-2.4124002231600943	0.810026320102726	-2.9781751077596565	0.0028997026832537644	0.024962319881844067
gene-AUO97_RS15195	25.329283840651104	1.7754449392159133	0.49899810320530974	3.5580194149263473	3.73661700618741e-4	0.005606671591994287
gene-AUO97_RS15235	8.110515154203354	-2.6713972149267566	0.9428564739477046	-2.8333020865219467	0.004606982618607326	0.03436935019235812
gene-AUO97_RS15270	10.570241976921741	1.6385906285987009	0.5789567270283975	2.8302471533737426	0.004651205866280166	0.0344919677520222
gene-AUO97_RS15335	8.281358660015364	-3.624447324284788	1.116111803775969	-3.2473873244801768	0.0011646977025966112	0.012970910462877558
gene-AUO97_RS15790	33.98608470188565	-2.081373423272979	0.40111174882177164	-5.189011365004439	2.1141349486821145e-7	1.1128667738062737e-5
gene-AUO97_RS15795	39.96547197433596	-3.456511501964676	0.722430945343844	-4.784556260002864	1.7136549459273348e-6	6.793266705398361e-5
gene-AUO97_RS15800	19.877777381864608	-1.8966571355086697	0.5908932621425479	-3.2098134418244855	0.001328211465365034	0.01402267964438098
gene-AUO97_RS15825	5.881391575221026	-3.411493911686675	1.118093130508634	-3.0511715156811183	0.002279503200573399	0.021033002232876966
gene-AUO97_RS15840	16.144027096389127	-2.4281612019337513	0.7876304267225994	-3.0828687155187073	0.002050155783723802	0.019492016291614536
gene-AUO97_RS15865	3.329678279660943	-3.44821968407537	1.283937566516512	-2.6856599370566236	0.007238672107025877	0.047338851600122384
gene-AUO97_RS15920	8.455855432746516	-3.583298655726041	1.1202528357934314	-3.1986517161441776	0.0013807186177852264	0.014441327301981636
gene-AUO97_RS15960	16.19148889123147	-1.8757283773307083	0.6370724006830065	-2.944293890803834	0.0032369246529468077	0.02678805427992835
gene-AUO97_RS15990	7.98514542566717	-4.752897145565766	1.1172054462532968	-4.2542731612213895	2.0972914789326834e-5	5.707121134621056e-4
gene-AUO97_RS16050	7.275737732750824	-3.147946222081353	1.1465351486277926	-2.7456168490332886	0.006039725503761785	0.04143922776192113
gene-AUO97_RS16060	7.921518762343547	-2.706740555800258	0.9770564371488075	-2.770301133984563	0.005600448789820828	0.03910006767553018
gene-AUO97_RS16195	30.558406731734568	1.8824783286359645	0.32886291490598324	5.724203743599778	1.039199763905818e-8	8.556078056157901e-7
gene-AUO97_RS16445	2.4574299431283007	2.4496543244980216	0.8836179220726252	2.7723004064382053	0.005566164254041571	0.03910006767553018
gene-AUO97_RS16595	9.285827365020774	2.2680783510642417	0.7541480709163761	3.007470864850542	0.002634313750110657	0.023562065324805904
gene-AUO97_RS16710	7.299571846992981	1.8694541609070146	0.6685317049743883	2.7963582684214416	0.00516820736788314	0.03704266486221599
gene-AUO97_RS16760	5.37600145065094	2.015051639713751	0.7277930193509363	2.7687152612576904	0.005627779518698353	0.03919913239596618
gene-AUO97_RS16815	10.410959029589357	1.5536549377373094	0.5697365821200145	2.7269706501135875	0.006391872423619825	0.04320905758367002
gene-AUO97_RS16835	4.479027131181782	2.9264979197205823	0.9325666617962831	3.138111236020003	0.0017004033365516937	0.01716979595492921
gene-AUO97_RS17010	3.56940664268982	-3.453392358290637	1.2045168964704533	-2.8670352142090922	0.0041433690702197936	0.03220217485232978
gene-AUO97_RS17095	4.87075895667196	2.615491388575604	0.9336757763653484	2.8012844016980893	0.0050899639461971695	0.036727807261211484
gene-AUO97_RS17180	10.809690252124748	-3.7167260370868562	1.1227654368366258	-3.3103317176904503	9.318546584790591e-4	0.011123365458647802
gene-AUO97_RS17310	24.574128517482386	1.924725909554795	0.5393077096360871	3.568882615925438	3.5850699783515643e-4	0.0054300281606070155
gene-AUO97_RS17360	3.6917602506396237	-3.581957263328544	1.2246864576259984	-2.92479535559821	0.0034468281255363334	0.028162252191086933
gene-AUO97_RS17570	19.646796532344258	-2.8681652103840896	0.681923497995709	-4.205992635264987	2.5993869774654436e-5	6.775804185089642e-4
gene-AUO97_RS17630	14.961932219805119	-1.731728993959173	0.5462300169707931	-3.1703292388850324	0.001522663007041698	0.01577184166326094
gene-AUO97_RS17695	119.68160548850364	-2.18882369161571	0.41515612797718227	-5.272290456798971	1.3473162504408095e-7	8.011541629935999e-6
gene-AUO97_RS17755	8.218348463628361	-3.5006535609322165	1.1553208188840478	-3.0300272475948127	0.002445316768037146	0.022118062372302183
gene-AUO97_RS17805	13.906784674171453	-3.0209983249319876	0.9330856479921789	-3.2376431160768533	0.001205214724787663	0.013253234524976665
gene-AUO97_RS17855	24.13497354070815	1.6442823431697866	0.35038053363655886	4.692847305482331	2.6942859155008015e-6	1.0059711714736132e-4
gene-AUO97_RS17940	39.324845627547525	-2.0520854942128346	0.4253470190737444	-4.824497180400023	1.4035690289200958e-6	6.090351556570848e-5
gene-AUO97_RS17970	10.074968012655395	-2.0677840301137493	0.7363771632043323	-2.80805018601585	0.004984245869182783	0.036127344212067536
gene-AUO97_RS18010	11.333259352642726	-2.3758685383633553	0.7698601501922339	-3.086104064186335	0.002027978329506366	0.01938047147632423
gene-AUO97_RS18190	5.015934018292555	-3.5560239642971436	1.188295256409866	-2.992542421688	0.002766642136829592	0.0241268511110513
gene-AUO97_RS18315	6.524730123420534	2.045659332296473	0.7218591717596328	2.833875930827189	0.004598718248444172	0.03436935019235812
gene-AUO97_RS18340	37.45250754058391	1.5688922855440062	0.3376781923256752	4.646116690979206	3.382417221734989e-6	1.2483841033323045e-4
gene-AUO97_RS18360	9.398000427219367	-3.964386501535541	1.119964725660551	-3.539742288934467	4.0051793490029837e-4	0.005926558013662941
gene-AUO97_RS18395	19.6748668218882	-1.668254719398981	0.5008008806262607	-3.3311736938497347	8.648062295746999e-4	0.010598827492993746
gene-AUO97_RS18445	16.353787575286518	-1.7950354758069296	0.6292642247149279	-2.852594197008617	0.004336395824074673	0.03307482312493217
gene-AUO97_RS18480	11.03026439903704	-2.2353749648048056	0.8277816219586688	-2.7004404368334938	0.006924773535204019	0.04575195025008252
gene-AUO97_RS18540	50.01903520067333	1.6309808686681813	0.33093793487945666	4.9283587548289445	8.292324945034554e-7	4.160414906016555e-5
gene-AUO97_RS18665	20.043299975747228	-1.861450796483558	0.5799069443097002	-3.2099129261149995	0.0013277518670647631	0.01402267964438098
gene-AUO97_RS18680	98.90983488668911	2.6733371325748143	0.2715595591663289	9.844386037382717	7.248040212025832e-23	7.757819040271648e-20
gene-AUO97_RS18705	12.750786392386324	-2.261707397168313	0.8119525158229419	-2.785516828993373	0.005344246577322189	0.037994834003096355
gene-AUO97_RS18720	15.406534469923873	1.7337607825027896	0.40933021527703894	4.23560420852236	2.2793796262266192e-5	5.999252442470225e-4
gene-AUO97_RS18915	36.624150386068074	-1.62850039930142	0.48296952540154914	-3.371849182300802	7.466532316221761e-4	0.009477662322319799
gene-AUO97_RS18920	12.129355749884501	1.6099976513645906	0.5251451066682087	3.065814821315285	0.0021707771291484346	0.02038118526811586
gene-AUO97_RS18965	10.449114828769783	2.012519237112324	0.6123280040797914	3.286668621561323	0.001013800572583127	0.011752034796261447
gene-AUO97_RS19175	7.041303690764751	-4.000804628156009	1.1298346554480463	-3.5410532053200767	3.9853320452868345e-4	0.005924491295100012
gene-AUO97_RS19450	6.509817235252227	-2.8987267109853248	0.9807130497587757	-2.9557338017459025	0.0031192618087380153	0.026083202260046266
gene-AUO97_RS19535	61.15868566650072	1.8670525728028646	0.2888785064744595	6.4631065688784135	1.0257499879580489e-10	1.3723680047222062e-8
